0 0 0.4355934939285321 2.2780816555023193 1.9597746739620228
6 18 0.08765094626127984 2.5700643062591553 1.7711534798406616
13 39 0.029001409043887122 2.9074106216430664 1.2949505515799657
19 57 0.018367600648433215 3.19484806060791 1.0047789608625572
26 78 0.01372261208258247 3.5296590328216553 0.822239097079698
33 99 0.011534368401922486 3.8519692420959473 0.6984946650213988
39 117 0.010491690727990381 4.139526128768921 0.6134291729336913
46 138 0.009683740436258002 4.581018924713135 0.5285334542238753
53 159 0.009135882986106533 4.936847448348999 0.45427407948237236
59 177 0.008774658032272512 5.2206871509552 0.3977359039149186
66 198 0.008504827173321648 5.590733528137207 0.3393985439912867
73 219 0.00828947865142153 5.962187051773071 0.31155315095828445
79 237 0.008139278058310526 6.23232626914978 0.29538708336726244
86 258 0.00800883676150557 6.558534145355225 0.2766789653531642
93 279 0.007892350179331306 6.873712539672852 0.2581646479189291
99 297 0.007814429358305562 7.158341884613037 0.2427313214483031
106 318 0.00774726557711162 7.492351531982422 0.22565917106454514
113 339 0.00767842227297599 7.8312835693359375 0.20949573136946403
119 357 0.007633287192588202 8.10797905921936 0.19643378441584275
126 378 0.007593876988765746 8.437890768051147 0.18226596041142307
133 399 0.007549754334710811 8.748996257781982 0.16965385693660812
139 417 0.00752121537357559 9.018440246582031 0.1611200575283101
146 438 0.007496979316807433 9.328685998916626 0.1517331054589599
153 459 0.007467133483953774 9.662321090698242 0.14298291857025341
159 477 0.007448271557915968 9.924978733062744 0.13596322975967762
166 498 0.007432979160987639 10.258352756500244 0.12826101759481823
173 519 0.007411965351521354 10.555445432662964 0.12108705011592548
179 537 0.007399123721371177 10.81761360168457 0.11533311741501032
186 558 0.007389396297847959 11.144651174545288 0.10902721095759486
193 579 0.007374135114055538 11.455289363861084 0.10315260074917976
199 597 0.007365209211432365 11.73359751701355 0.09843769523531447
206 618 0.007359076937140777 12.03682804107666 0.0932718265005389
213 639 0.0073477045770376495 12.369744062423706 0.08845483890587205
219 657 0.007341407317405555 12.662441492080688 0.08458369516898007
226 678 0.0073376563559162545 12.978654146194458 0.08034064332728322
233 699 0.007328986266529652 13.312922239303589 0.07637848253673876
239 717 0.007324493691527264 13.58237910270691 0.07318863422749115
246 738 0.007322344608275577 13.957783937454224 0.06968943383516618
253 759 0.0073155919850990125 14.304370641708374 0.06641605872453621
259 777 0.00731235818480723 14.565153360366821 0.0637751458550311
266 798 0.007311295068600039 14.886321544647217 0.06087488874497688
273 819 0.007305925592859617 15.210671424865723 0.05815634774151901
279 837 0.007303579534851916 15.482165336608887 0.0559578971569823
286 858 0.007303253415576192 15.800232172012329 0.05354045363487803
293 879 0.007298895313647783 16.109914302825928 0.05126960703839441
299 897 0.007297180131311477 16.383310556411743 0.0494285810679643
306 918 0.0072973515131741305 16.699936389923096 0.047401400034924594
313 939 0.00729374191909561 17.00973105430603 0.045492927706603396
319 957 0.007292477505657816 17.26244616508484 0.043941638540582736
326 978 0.007292980631596049 17.567549228668213 0.04223112742187818
333 999 0.0072935201916840085 17.880550146102905 0.041208750978039776
339 1017 0.0072920506046930695 18.127948999404907 0.0405143675448345
346 1038 0.007289644228134642 18.426286935806274 0.03974519390836139
352 1056 0.0072887216099296916 18.68688416481018 0.03911221632429418
359 1077 0.007286316618287765 18.976135730743408 0.038382177959266295
366 1098 0.007287143604067942 19.270357847213745 0.03768740634886936
372 1116 0.007286451100871664 19.525591373443604 0.03711367563212233
379 1137 0.007287132045514198 19.81143283843994 0.03645396152026386
386 1158 0.007285238116604838 20.097824811935425 0.035826664832096136
392 1176 0.007284703427163775 20.359380960464478 0.03530569507905879
399 1197 0.007282770866085782 20.648401975631714 0.03470738621616857
406 1218 0.007283756041663784 20.935187816619873 0.034131046887711736
412 1236 0.007283328323444284 21.188504457473755 0.03365648285151337
419 1257 0.007281603101308815 21.475223302841187 0.033114956148255825
426 1278 0.007282666336580182 21.774132013320923 0.03259567621202896
432 1296 0.0072823554069343455 22.02087426185608 0.03234811963503716
439 1317 0.007280892759800952 22.308133840560913 0.031981291884091455
446 1338 0.0072816611250138 22.605799436569214 0.03153180243070226
452 1356 0.007281230679488747 22.852020978927612 0.031086551367899867
459 1377 0.007282100179454045 23.161572217941284 0.030506861942141954
466 1398 0.007280900563313072 23.46046543121338 0.02988165799340824
472 1416 0.007280713387201224 23.70872950553894 0.029494767914430817
479 1437 0.007281710512804152 24.001282930374146 0.029073473234161935
486 1458 0.007280241385724268 24.296456813812256 0.02866305505577138
492 1476 0.0072798661690361924 24.547842264175415 0.028320023547667682
499 1497 0.007278651120441254 24.842061519622803 0.027930137806650237
506 1518 0.007279697401085614 25.131417751312256 0.027551482417130457
512 1536 0.007279549559585713 25.378767251968384 0.027230607413599426
519 1557 0.0072784421047689795 25.683075428009033 0.02686757369002385
526 1578 0.007279155468145838 25.969127416610718 0.026514836142462625
532 1596 0.0072788759759420205 26.213523387908936 0.026218289255653757
539 1617 0.007279681013598639 26.513118743896484 0.025880907046468705
546 1638 0.007278741796219437 26.810264825820923 0.025552537096501102
552 1656 0.0072786344332663264 27.067770957946777 0.02527601937423309
559 1677 0.007279565480116945 27.354196071624756 0.024960544297683747
566 1698 0.00727832878520705 27.64367413520813 0.02465333255381569
572 1716 0.0072780573277102896 27.90024185180664 0.02439474260232931
579 1737 0.00727703638741815 28.201503038406372 0.024100293479685408
586 1758 0.007277982429573471 28.48871922492981 0.023813238768091303
592 1776 0.007277885709838452 28.732863426208496 0.02365445407473355
599 1797 0.007276969235719166 29.017933130264282 0.023470951213752266
606 1818 0.007277591853721928 29.32288384437561 0.02324712510658018
612 1836 0.007277375900084348 29.568299531936646 0.023024594977604666
619 1857 0.0072764418340888135 29.877248525619507 0.02273464389238243
626 1878 0.00727730229446563 30.175053596496582 0.022409233994740308
632 1896 0.007277217750549648 30.42137861251831 0.022113697752514858
639 1917 0.007276371930981063 30.71739172935486 0.021827412735722453
646 1938 0.00727694904338263 31.002438068389893 0.021587857661337206
652 1956 0.007276937635642461 31.24812126159668 0.021387530607552743
659 1977 0.0072758765017247335 31.53421711921692 0.02115747721944201
666 1998 0.0072767069603780835 31.820998191833496 0.020933400751566723
