0 0 5.0 1.02048659324646 3.0
10 20 1.6535960673582675 19.80882167816162 1.5113687883989961
20 40 1.1275450074549933 39.72999572753906 3.5002462394225535
30 60 0.838434086465562 59.31865334510803 5.152294533738517
40 80 0.8981325474555979 78.64805126190186 4.6544043405805695
50 100 0.6751761173249153 98.45570540428162 3.871404994258681
60 120 0.7861161719050842 117.92177248001099 7.076168717046538
70 140 0.7075252940563845 137.31991243362427 6.027676373524976
80 160 0.4708028472431347 157.0258014202118 3.960677329757272
90 180 0.5174472458775135 176.6001787185669 5.953117624519481
100 200 0.5353667012675283 194.67614483833313 5.577123229918691
110 220 0.37811233262180594 212.1135959625244 3.866751664936181
120 240 0.4078777949599451 228.7227122783661 5.090412970754825
130 260 0.3836483129137439 245.8166105747223 4.953786032446313
140 280 0.373591900713086 261.66019463539124 3.6332411368680875
150 300 0.4216193815365171 277.8112208843231 5.5260345293933275
160 320 0.38983615851252185 292.68643498420715 4.484195830860692
170 340 0.40326830644039635 307.4433045387268 6.9403550624705925
180 360 0.40980746660674106 322.06812381744385 5.770019049013858
190 380 0.4359171269493206 336.81773686408997 5.168133694126454
200 400 0.41464731661046295 351.59731245040894 6.36549454118895
210 420 0.43635286841753684 366.3903193473816 4.699544061176599
220 440 0.4263787360341136 381.0769522190094 6.1925661682267865
230 460 0.38281207691669966 395.7646563053131 5.250421685275767
240 480 0.4314988404452082 410.4829840660095 4.531582819245216
250 500 0.43535221722678513 425.23860788345337 5.730214583335259
260 520 0.42631310522916466 439.85530972480774 7.000742381663368
270 540 0.4190813196592734 454.38135623931885 4.593022950728329
280 560 0.42821956643088144 468.8608331680298 4.717041181929791
290 580 0.41202648882388176 483.42056035995483 5.292437213205748
300 600 0.42744970005808375 497.7974762916565 4.649521428791089
310 620 0.47102533965537075 512.2142217159271 4.723481027329973
320 640 0.39812584403073176 526.7214109897614 3.682094591431718
330 660 0.42950282722913635 541.2475471496582 5.469764777656418
340 680 0.42586735945094306 555.8334808349609 4.961382937257127
350 700 0.4873656998777145 570.3627860546112 7.439498840520873
360 720 0.4489512832096374 584.8559112548828 6.909648232160827
370 740 0.4641596644388377 599.3388659954071 5.605442207965892
380 760 0.3970204663230428 613.944429397583 5.174631196249521
390 780 0.4151425574152818 628.4525146484375 4.7794723046142975
400 800 0.49396460835370504 643.1045088768005 6.016276734490695
410 820 0.39409148397522414 657.2830562591553 3.8267867179275896
420 840 0.43625223255622814 670.8165440559387 6.1950203799745935
430 860 0.44526169009212635 684.3689122200012 4.881652496468794
440 880 0.38684487152090075 697.8763463497162 4.795513950730051
450 900 0.5010923738219417 711.540641784668 7.261765553789825
460 920 0.45588208022170706 724.9292469024658 6.903357435924281
470 940 0.4499089201871165 738.3699774742126 7.257079987149368
480 960 0.4315514617597473 751.8752188682556 4.896058869690559
490 980 0.4682479260230627 765.3712022304535 6.647425064964869
500 1000 0.44817787330791814 778.8863387107849 6.909154405149196
510 1020 0.4413374453668929 792.3321182727814 4.973649109672167
520 1040 0.4173053598698848 805.7498707771301 5.002478535452856
530 1060 0.43352359056875767 819.1579608917236 6.430636459095984
540 1080 0.42964426871795286 832.5512537956238 4.922303729168252
550 1100 0.4276120441918395 845.9477391242981 4.978037849265839
560 1120 0.47032205509030617 859.3844411373138 6.480698473341309
570 1140 0.45459171592034403 872.862471818924 4.936546402440946
580 1160 0.4716009240276492 886.2771961688995 6.989223864605675
590 1180 0.40621497833585885 899.6768147945404 7.291633325182909
600 1200 0.43708924062847276 913.0948414802551 4.907557150195805
610 1220 0.4388841091174008 926.6012370586395 4.886066895375717
620 1240 0.419802747705984 940.0383024215698 5.31675302458999
630 1260 0.4298197374432191 953.5203549861908 4.917880844244473
640 1280 0.4186361578644645 966.9847683906555 4.878106599146484
650 1300 0.41766032494151184 980.4812762737274 6.487253717333972
660 1320 0.42918843385290506 993.9047045707703 4.9330647615300425
670 1340 0.4590795580789907 1007.3304674625397 5.680577081030567
680 1360 0.4113420105156316 1020.8437049388885 6.168703633814087
690 1380 0.4371927192270939 1034.744719028473 4.938399845642205
700 1400 0.4277242161983223 1048.1655089855194 4.965147699004302
710 1420 0.37881517502143436 1061.450254201889 3.7845672452428785
720 1440 0.4434169269005367 1073.9874539375305 5.633385852602882
730 1460 0.4461759992305825 1086.5551130771637 5.510931925170109
740 1480 0.3840691004058554 1099.1161007881165 6.603087349833508
750 1500 0.43035602207536855 1111.68199801445 4.896345572521454
760 1520 0.42918898685348117 1124.3670134544373 4.922825591631331
770 1540 0.4019499331090449 1136.9538235664368 3.7992707661165426
780 1560 0.45158516338040466 1149.5537753105164 5.598925431862081
790 1580 0.4473473972754416 1162.4041788578033 4.93655823620455
800 1600 0.41965355602598986 1175.3342850208282 6.83185429119373
810 1620 0.44682418770326904 1188.1011412143707 4.921380933520574
820 1640 0.43649437353006726 1200.826495885849 6.746475396219984
830 1660 0.4085950533207888 1213.7517161369324 5.628717287761103
840 1680 0.4515819804027502 1226.4355816841125 4.879545925613467
850 1700 0.43498032431448586 1239.3351862430573 5.441280931506993
860 1720 0.3869445975532917 1252.2295696735382 3.836710602276625
870 1740 0.4316145614487752 1265.159235715866 4.892322310276552
880 1760 0.42224983666555976 1277.9541132450104 4.933282982062394
890 1780 0.3828722345797365 1290.7093391418457 3.7872544820671568
900 1800 0.49295383345330657 1303.5538132190704 7.122810658814769
910 1820 0.43910357382424275 1316.2881762981415 4.967382949027682
920 1840 0.3638719553527761 1328.9551854133606 3.7893384609312024
930 1860 0.4645345435791359 1341.6697070598602 6.314944735189018
940 1880 0.40867126315069346 1354.3701329231262 4.960284230786206
950 1900 0.40899275872790586 1367.1179356575012 5.770948054113635
960 1920 0.41265339680013186 1379.894844532013 4.882483421269376
970 1940 0.42942259824835366 1392.743188381195 4.896585108992413
980 1960 0.4189519502915123 1406.8870136737823 7.180539299988969
990 1980 0.4547113150036257 1420.8820369243622 7.291181413857909
1000 2000 0.446605794830349 1434.1960940361023 4.8745799976954585
