0 0 5.0 1.4862987995147705 3.0
20 20 0.49460649645481347 17.52943205833435 3.8012961579072924
40 40 0.3448871509884222 32.83836054801941 3.8012925000028446
60 60 0.29251333236059085 47.888657093048096 3.6838653243257156
80 80 0.247177999160945 63.24873900413513 3.6725878838794874
100 100 0.23841907443950883 78.81280064582825 3.6725850000000024
120 120 0.20483023546225115 94.54973220825195 3.5439743641993897
140 140 0.2050653053531895 110.44195342063904 3.5438775309133477
160 160 0.19860758955267677 126.22052550315857 3.4231636781962442
180 180 0.18308444145853175 141.34974479675293 3.415172244906296
200 200 0.17365168351051316 155.2922019958496 3.415170000000003
220 220 0.17446479585099736 169.70750856399536 3.277325161376067
240 240 0.16306664479252325 184.4241111278534 3.275009447420689
260 260 0.16035600804875882 198.847718000412 3.161914947588303
280 280 0.16008183596681733 213.27868032455444 3.1452308204373085
300 300 0.15548622026886416 227.89887380599976 3.1449567889190924
320 320 0.1575593829678389 242.40277743339539 3.0169131642866827
340 340 0.15781757492281687 255.91422414779663 3.0149652795091977
360 360 0.14735379988961905 269.5043294429779 2.9002480216638142
380 380 0.14909942088074218 283.4890224933624 2.8851217939070937
400 400 0.14986462279446933 298.07434725761414 2.8849213744237323
420 420 0.14948606440139572 313.72353959083557 2.7564526888181637
440 440 0.15299985002001598 329.1550889015198 2.7549184912905935
460 460 0.14667886508185174 343.1801977157593 2.638267902103072
480 480 0.14443174642313408 356.71188378334045 2.6252912646002446
500 500 0.1432580305718262 370.71437668800354 2.6250245509273853
520 520 0.14743865688779212 384.27930212020874 2.4959963111378
540 540 0.15015017161709382 397.6806089878082 2.4948716570202896
560 560 0.14086831272536168 412.6903839111328 2.3761010598069006
580 580 0.14078787409028815 427.82146167755127 2.364920700234149
600 600 0.1451752281231409 443.45383286476135 2.364842717876499
620 620 0.14471195701720346 458.108686208725 2.235587714668626
640 640 0.14896575877237586 471.8583607673645 2.2348262016666283
660 660 0.14436796079960845 485.2555322647095 2.1138844507027437
680 680 0.13760671218067477 498.78052258491516 2.1048421216217332
700 700 0.14176400141735024 513.7272624969482 2.104801557492181
720 720 0.1421303125169231 529.1594984531403 1.9752541905921024
740 740 0.146701664017573 544.2445900440216 1.9747823654336953
760 760 0.14071191562141255 557.9826147556305 1.8517522054276665
780 780 0.13614465170458792 571.8645617961884 1.8447783642244229
800 800 0.1407577915900738 585.4380989074707 1.8447600356133698
820 820 0.14070493035016304 598.7165400981903 1.7150041424740652
840 840 0.14535795056306067 612.8730134963989 1.714739713689208
860 860 0.14114994183813362 626.5875377655029 1.8874219128992127
880 880 0.13558269503575476 639.9509727954865 1.8817901840315499
900 900 0.1379834520991513 652.8750479221344 1.8797654442191634
920 920 0.14021338277167922 665.8327326774597 2.0992147944428035
940 940 0.14483937368958205 678.7847883701324 2.099293800507452
960 960 0.14050841585120025 691.7092971801758 2.215399364452573
980 980 0.13637848537150102 704.6564960479736 2.214768133306141
1000 1000 0.13820179418889433 717.5845947265625 2.2157785277674704
1020 1020 0.1409326406477768 730.5141892433167 2.227755012908249
1040 1040 0.14342754715883835 743.4369611740112 2.2280709937306202
1060 1060 0.13900172071075353 756.302342414856 2.1434222568548824
1080 1080 0.1352019920002795 769.0781381130219 2.1515021050558776
1100 1100 0.1374177256518352 781.9535174369812 2.1891021917912314
1120 1120 0.14018684170054296 794.8686769008636 2.801860797409318
1140 1140 0.14356613951140001 807.8399949073792 2.838511930966143
1160 1160 0.1399716833722514 820.6731281280518 2.808969415686621
1180 1180 0.13471070607661345 833.5599133968353 2.8071493522848
1200 1200 0.135202690292697 846.396243095398 2.8071429170010576
1220 1220 0.13920564324972948 859.2682909965515 2.775901923866801
1240 1240 0.14285219929068663 872.1197154521942 2.7757800714948235
1260 1260 0.139254157702151 884.9310524463654 2.7464705176384796
1280 1280 0.1349780865357333 897.8524577617645 2.7444254425764165
1300 1300 0.13629209673799636 910.7427136898041 2.744416322055088
1320 1320 0.13906533224452752 923.6211140155792 2.9328495687472134
1340 1340 0.1414798245738506 936.4623575210571 2.9262302867900725
1360 1360 0.13891259713230733 949.3795247077942 2.915606441800003
1380 1380 0.13515618408591223 962.3289601802826 2.9441459237645096
1400 1400 0.13574301049575882 975.2615818977356 2.9441432354313717
1420 1420 0.13900585669730786 988.1896393299103 2.9152952209940364
1440 1440 0.14242852911844106 1001.0848636627197 2.991913200444439
1460 1460 0.13861209413151715 1013.9319534301758 2.9605509490769415
1480 1480 0.1340239210164631 1026.837426185608 2.9605498669622254
1500 1500 0.13616919998662153 1039.7280073165894 2.960549866962224
1520 1520 0.13961982829096542 1052.643880367279 2.9291865337084966
1540 1540 0.14134149292591147 1065.537691116333 2.9291865336288905
1560 1560 0.13799980805879253 1077.607072353363 2.897825355125743
1580 1580 0.13477030557765063 1089.2330861091614 2.8978232002955684
1600 1600 0.1357876546089799 1100.364104270935 2.8978232002955573
1620 1620 0.13864914447066906 1111.5277378559113 2.866459867247997
1640 1640 0.14142806038447014 1122.6097428798676 2.8664598669622245
1660 1660 0.13849248584117074 1133.636389017105 2.835100449330319
1680 1680 0.13413757322741388 1144.6909110546112 2.835096533628957
1700 1700 0.13539105360585485 1155.7469499111176 2.835096533628891
1720 1720 0.13953405232897306 1166.7216002941132 2.8037332011635336
1740 1740 0.1411905925737657 1177.7333142757416 2.803733200295558
1760 1760 0.1375123795710254 1188.7210307121277 2.772376454909245
1780 1780 0.13449657059154202 1199.7777087688446 2.772369866962536
1800 1800 0.13625097593629382 1210.8704152107239 2.7723698669622245
1820 1820 0.13911885196428936 1221.93146276474 2.7410065359162763
1840 1840 0.1406216646182843 1233.0567479133606 2.741006533628891
1860 1860 0.13790399972554837 1244.130136013031 2.709653576913033
1880 1880 0.13452332482315427 1255.1495716571808 2.7096432002967674
1900 1900 0.1356928294605542 1266.092664718628 2.709643200295558
1920 1920 0.13937728518199777 1277.0555548667908 2.6782798722953856
1940 1940 0.1409624780222435 1288.0923235416412 2.6782798669622254
1960 1960 0.13730054403541103 1299.0881440639496 2.646931968140512
1980 1980 0.13414095735003112 1310.1084899902344 2.64691653363285
2000 2000 0.13616248713178028 1321.06938123703 2.646916533628892
