0 0 5.0 1.2521545886993408 3.0
20 20 1.4518037236930357 13.635931015014648 1.4212064832814368
40 40 1.3991902010400046 26.382465600967407 0.6162912123081776
60 60 1.3729902744237923 38.72037601470947 0.6172166564867987
80 80 1.3505507842816324 51.69403576850891 0.6166014074148979
100 100 1.3488807801955156 64.65282344818115 0.61603562734111
120 120 1.350087121261203 77.49796032905579 0.6161406649988523
140 140 1.3296677130256818 90.52915835380554 0.6163610896013256
160 160 1.3256305239050166 103.46591544151306 0.6163065048054198
180 180 1.330541170208558 116.43003106117249 0.6163537475595443
200 200 1.3221739190309023 129.37717461585999 0.6162417854523572
220 220 1.3349151910226502 142.28236293792725 0.6163762898029022
240 240 1.3284730835146858 155.2301435470581 0.6162493610025899
260 260 1.3280954277097705 168.09571838378906 0.6163099918150781
280 280 1.328121738508549 180.94574403762817 0.6162240882888641
300 300 1.3233095748970847 193.79154300689697 0.6162921088070507
320 320 1.322098402283744 206.64427709579468 0.6162598234596592
340 340 1.3258520966011065 219.48747634887695 0.6162930964923912
360 360 1.3241933491849271 232.35243892669678 0.6162402987337023
380 380 1.327033287685936 245.233412027359 0.6162722546330042
400 400 1.3342409398856059 258.1390554904938 0.616258060834038
420 420 1.3196432061414185 271.0207643508911 0.6162482167252397
440 440 1.3223640683622506 283.8913941383362 0.6162632512552411
460 460 1.325841592373155 296.79358863830566 0.6162503644656142
480 480 1.3207570456478503 309.7142000198364 0.6162630995047197
500 500 1.3283546353767828 323.73953127861023 0.6162555421110985
520 520 1.3287098435903557 337.27423787117004 0.6162531807160805
540 540 1.324570633639159 350.11736607551575 0.6162497816071377
560 560 1.3301344251545202 362.8364200592041 0.616247570261702
580 580 1.3203960966688923 375.69698667526245 0.6162506716199023
600 600 1.320887219533296 388.80895495414734 0.6162508121985414
620 620 1.3277729923837442 402.1707923412323 0.6162485030440377
640 640 1.3238537214824209 414.86780166625977 0.6162485870333799
660 660 1.328198196655837 427.55386567115784 0.6162490878344136
680 680 1.3286313781857142 440.3721969127655 0.616248591968757
700 700 1.3237703763970416 453.2342596054077 0.6162495152622779
720 720 1.326021789998547 466.0280830860138 0.6162476766135401
740 740 1.3216976453112508 478.9136333465576 0.6162479725952975
760 760 1.321824152202344 491.73998403549194 0.6162481220508956
780 780 1.328410601171337 504.5910892486572 0.6162476156070694
800 800 1.3264191878395115 517.390198469162 0.616248521249912
820 820 1.3267648810868038 530.1844696998596 0.6162480942092614
840 840 1.327933490573452 542.9646110534668 0.616247569191634
860 860 1.3226195522907416 555.7731220722198 0.6162475950255777
880 880 1.3241076027226446 568.5754220485687 0.6162474794019313
900 900 1.3236955786688251 581.3574290275574 0.6162475770513799
920 920 1.32300627211713 594.1462504863739 0.6162477196164518
940 940 1.329150715702326 606.9735445976257 0.616247504709551
960 960 1.3266696329431933 619.7823307514191 0.6162473993663369
980 980 1.3257341499694926 632.5849905014038 0.6162475075905054
1000 1000 1.3267745997622615 645.3262207508087 0.6162473410514564
1020 1020 1.3218805832411078 658.1052839756012 0.6162474866579091
1040 1040 1.3239536455659748 670.900712966919 0.6162474254249553
1060 1060 1.3248402356313793 683.6922295093536 0.6162473008092868
1080 1080 1.3244900734401925 696.4540357589722 0.6162473790907053
1100 1100 1.328926539065105 709.2419929504395 0.616247324783829
1120 1120 1.326322026768189 722.0487594604492 0.6162473611008678
1140 1140 1.3249112224056159 734.8889484405518 0.616247382421094
1160 1160 1.325622799379782 747.679039478302 0.6162473426344147
1180 1180 1.3221678287127838 760.4861125946045 0.6162473168540273
1200 1200 1.324282857279147 773.2409782409668 0.6162473345743741
1220 1220 1.3257818065157105 786.3250262737274 0.6162473045636656
1240 1240 1.325505756051942 799.831939458847 0.6162473352707756
1260 1260 1.3282742024336307 813.5802228450775 0.6162473340012732
1280 1280 1.3258486072935152 827.3005075454712 0.6162473104504824
1300 1300 1.3242280245775866 841.2161133289337 0.6162473211817937
1320 1320 1.3249305652365955 854.2315382957458 0.6162473119028753
1340 1340 1.322752187224816 867.0889663696289 0.6162473144023716
1360 1360 1.324823027397577 879.9768333435059 0.6162473194523548
1380 1380 1.3264754727335482 892.8091912269592 0.6162473137846164
1400 1400 1.3258738775944874 905.793261051178 0.6162473085645985
1420 1420 1.3275718327526211 918.5934994220734 0.6162473109251234
1440 1440 1.325325716889256 931.246584892273 0.6162473073170817
1460 1460 1.3238153364209215 944.1008179187775 0.6162473113061799
1480 1480 1.3247343623062777 956.9262330532074 0.6162473118059689
1500 1500 1.3233741632234892 969.7368388175964 0.6162473072725071
1520 1520 1.3254171987920973 982.493932723999 0.6162473080766695
1540 1540 1.3268168075067361 995.1187496185303 0.6162473075897519
1560 1560 1.3259330681265546 1007.7712354660034 0.616247306896092
1580 1580 1.32688997510161 1020.6221992969513 0.6162473085709885
1600 1600 1.3248256241584064 1033.3891685009003 0.6162473076655197
1620 1620 1.3237054635233982 1046.2048218250275 0.6162473063324023
1640 1640 1.324723453195421 1059.0479435920715 0.6162473069428833
1660 1660 1.3240027037070417 1071.9145557880402 0.6162473063681537
1680 1680 1.325869699653037 1084.738327741623 0.6162473067961515
1700 1700 1.3268496462343 1097.4166264533997 0.6162473070466373
1720 1720 1.3258394332198797 1110.310719013214 0.6162473064379136
1740 1740 1.3262481879434158 1123.1727828979492 0.6162473063603273
1760 1760 1.3244982439461368 1135.9963684082031 0.6162473064394903
1780 1780 1.3237713391576278 1148.6699213981628 0.6162473061816829
1800 1800 1.324861146717391 1161.3270287513733 0.6162473065419638
1820 1820 1.3245816444255656 1174.1672015190125 0.6162473064258438
1840 1840 1.3261394393666532 1187.0308437347412 0.6162473061006359
1860 1860 1.326735931526774 1199.9154994487762 0.6162473062427992
1880 1880 1.3256290833326192 1212.6867575645447 0.6162473061574448
1900 1900 1.3257210016532324 1225.3822021484375 0.6162473062124776
1920 1920 1.3243198400596845 1237.2732248306274 0.6162473062727063
1940 1940 1.3239312990555292 1249.1723132133484 0.6162473061781507
1960 1960 1.3250701003062617 1261.0519733428955 0.6162473061165571
1980 1980 1.3250312260700348 1272.911423921585 0.6162473061509756
2000 2000 1.3262633983690322 1284.7700817584991 0.6162473060843989
