0 0 5.0 1.5580477714538574 3.0
10 20 0.644707547333343 14.178213834762573 2.747112710993119
20 40 0.287227864345731 26.983393669128418 4.842713683991938
30 60 0.24914215212305824 39.87463879585266 4.418875132283375
40 80 0.2070149299320249 51.94299793243408 3.434915840019478
50 100 0.18587815068205635 63.94593524932861 2.841822498907156
60 120 0.17954365968360508 76.01916003227234 2.7916468964848535
70 140 0.1594665840760014 87.93494153022766 2.6662627050515404
80 160 0.15585767972411096 100.07466197013855 2.424951240010527
90 180 0.15654217716593488 112.17266011238098 2.2867269740737943
100 200 0.14869733991634598 124.45243453979492 2.1724948704387814
110 220 0.15010447905439867 136.4231300354004 2.062909684508901
120 240 0.1467283476995359 148.46546816825867 2.055717369248125
130 260 0.14417057932247562 161.35160970687866 2.1395828042383735
140 280 0.1487413084641764 174.21751403808594 2.4097567211411786
150 300 0.14228736717138546 187.76324582099915 2.6184586895986426
160 320 0.1435562140424281 200.00363039970398 2.771829520195692
170 340 0.1451297768239026 212.33496570587158 2.8854835150449136
180 360 0.13934824778745716 224.87830090522766 2.9712518066220532
190 380 0.14493144859675244 237.07508897781372 3.0314326196351655
200 400 0.14113796209449553 249.41960763931274 3.0829370003089105
210 420 0.140289233973944 261.74048948287964 3.113679438658971
220 440 0.1436831750406798 274.638468503952 3.131580626671944
230 460 0.1386698995578492 287.4050176143646 3.1500076031131155
240 480 0.14136523339136498 299.75553584098816 3.156370565929604
250 500 0.14132925019375997 312.0711977481842 3.158100085862738
260 520 0.1386348735822121 324.0151388645172 3.1518603699337397
270 540 0.14248069703654978 337.2298562526703 3.1288382926474214
280 560 0.13971951103101693 350.51245403289795 3.095809969566106
290 580 0.13992748048319575 363.6728940010071 3.0380143826004917
300 600 0.14164944756476222 377.14123725891113 2.958744433578385
310 620 0.13804382416151956 390.3841145038605 2.874184353796179
320 640 0.1418048738394504 402.63129472732544 2.775724920109653
330 660 0.14016633432761927 414.9067952632904 2.6677331185025164
340 680 0.13776868297465128 428.2224235534668 2.552981877624635
350 700 0.14096394530097078 441.1326262950897 2.430712022289715
360 720 0.13903519172635964 453.59986782073975 2.3083229673530328
370 740 0.13818107532456336 465.5370419025421 2.1778292412607265
380 760 0.14058045782997786 477.25977993011475 2.0365258711279393
390 780 0.1379654180730593 489.4487588405609 1.8906059786265728
400 800 0.13968153217982973 501.63341069221497 1.7315906197303381
410 820 0.13890911364418757 513.982075214386 1.5546775550046292
420 840 0.13818664142651943 526.2904825210571 1.3915791619755797
430 860 0.14035829544040063 538.1574149131775 1.2622557777453105
440 880 0.13823810155817995 549.950747013092 1.2235572907793288
450 900 0.13877829850087386 561.8655126094818 1.1809281429950214
460 920 0.13978683935225056 574.0007255077362 1.1349895990166448
470 940 0.1379731092674003 586.363573551178 1.0863009784273863
480 960 0.1385737127423815 598.2753250598907 1.0353557259571675
490 980 0.13947465733469455 610.630642414093 0.982582760528095
500 1000 0.13737014840554762 622.8593287467957 0.9283509395685908
510 1020 0.13944908311054144 634.9332897663116 0.872975181550553
520 1040 0.1377280902469177 647.1940846443176 0.8533482692725075
530 1060 0.13793450765680842 659.2590754032135 0.8520379271629397
540 1080 0.13963745944733047 671.2762200832367 0.8484873191849144
550 1100 0.13768696301661987 683.6931385993958 0.8430512619448207
560 1120 0.1385529881084037 696.3659482002258 0.836018142242896
570 1140 0.13894051227622292 709.3794550895691 0.8255210355777628
580 1160 0.13760944134179098 721.313675403595 0.8085159142409667
590 1180 0.13863715047793973 733.2178001403809 0.7858119695910836
600 1200 0.13835225248279281 745.7908470630646 0.7645000254345178
610 1220 0.13798579677920125 759.1959247589111 0.7635750360101423
620 1240 0.13797895264953253 772.6314771175385 0.7626431067407382
630 1260 0.13836320626752846 785.5872330665588 0.7617050235422925
640 1280 0.13752261590837003 798.6608645915985 0.7607614981427032
650 1300 0.13867446074288703 811.8178687095642 0.7598131758497291
660 1320 0.13767385948483318 825.1473529338837 0.758860642411181
670 1340 0.13776361237043064 838.3335316181183 0.7579044300842777
680 1360 0.13852563792250894 851.633519411087 0.7569450230146356
690 1380 0.13741000429358863 864.2159059047699 0.7559828620115293
700 1400 0.1378551261186372 876.1152980327606 0.7550183487941374
710 1420 0.13875912183079336 889.5275042057037 0.7540518497734694
720 1440 0.1366164370761762 902.9434378147125 0.7530836994259966
730 1460 0.1382340065605739 916.1593017578125 0.7521142033076735
740 1480 0.13829163603404093 927.8005087375641 0.7511436407506566
750 1500 0.13737313078447577 938.8591213226318 0.7501722672796393
760 1520 0.13790356759644634 950.5050520896912 0.7492003167800044
770 1540 0.13853378267924588 961.9978549480438 0.7482280034459474
780 1560 0.13718438118118298 973.0642757415771 0.7472555235332704
790 1580 0.13810994616215294 985.146595954895 0.7462830569384751
800 1600 0.13784345581133256 996.7482879161835 0.7453107686231938
810 1620 0.13735839007560616 1008.7683770656586 0.7443388099007078
820 1640 0.13846226252192276 1020.9968688488007 0.7433673195993017
830 1660 0.1372363240619679 1033.2010638713837 0.742396425115511
840 1680 0.13789162185195297 1045.3324573040009 0.7414262433687786
850 1700 0.13777728185677027 1057.3143615722656 0.7404568816677155
860 1720 0.13796910827648992 1069.2958295345306 0.7394884384970367
870 1740 0.13736235651145184 1080.9674625396729 0.7385210042331889
880 1760 0.13797334066320574 1092.8617525100708 0.7375546617958231
890 1780 0.13717208866667327 1104.6321413516998 0.7365894872414673
900 1800 0.1384111557272411 1115.6405699253082 0.7356255503050788
910 1820 0.1371965936727354 1126.0402920246124 0.7346629148945183
920 1840 0.13714618323236286 1137.0051107406616 0.7337016395424879
930 1860 0.1383709340461607 1148.3241443634033 0.7327417778199677
940 1880 0.13753120947921266 1159.1793687343597 0.7317833787147762
950 1900 0.1372461947497849 1170.2807457447052 0.7308264869785074
960 1920 0.138116007622877 1181.534973859787 0.7298711434447633
970 1940 0.13768912150523402 1192.5183308124542 0.7289173853213101
980 1960 0.13733836308215094 1203.7749919891357 0.727965246458497
990 1980 0.13794110518008548 1214.4179923534393 0.7270147575960995
1000 2000 0.13732652863824768 1225.6876633167267 0.7260659465904685
