0 0 5.0 1.274336814880371 3.0
20 20 0.4123897306052285 12.367390394210815 4.000000128063294
40 40 0.15566595675576275 23.62423849105835 4.0000000000235
60 60 0.146371456010095 35.11508655548096 4.00000000002351
80 80 0.06714546166616976 46.27828335762024 4.00000000002351
100 100 0.05198988722012447 57.399636030197144 4.00000000002351
120 120 0.04268935590260165 68.44505167007446 4.00000000002351
140 140 0.034356402163170874 79.53474164009094 4.00000000002351
160 160 0.0365479201300095 90.63385224342346 4.00000000002351
180 180 0.039561074517805495 101.7343475818634 4.00000000002351
200 200 0.016556437732124608 112.84044003486633 4.000000000023509
220 220 0.018656064442430065 123.89932107925415 4.0000051286685
240 240 0.012781016237421769 134.97602939605713 4.0000051286685
260 260 0.009917800007329178 146.0414776802063 4.000005128668463
280 280 0.009557105342382327 157.0741229057312 4.000005128668428
300 300 0.008521302855328153 168.41377067565918 4.000005128668427
320 320 0.006544878947726918 179.4804048538208 4.00000512866839
340 340 0.006500729404708029 191.00851798057556 4.000005128668354
360 360 0.006265010862022975 202.75799584388733 4.000005128668354
380 380 0.0058849389014879565 214.35507607460022 4.0000051286683185
400 400 0.004802475616427266 225.64808058738708 4.000005128668284
420 420 0.004144737724292853 236.92606353759766 4.000005128668281
440 440 0.003295708729888794 248.26377820968628 4.000005128668246
460 460 0.0033520069202982077 259.641065120697 4.00000512866821
480 480 0.003264890268556645 271.6224162578583 4.000005128668209
500 500 0.003206607789218258 283.0520370006561 4.000005128668174
520 520 0.0030176842574710324 296.4101712703705 4.000005128668137
540 540 0.0031495375646127992 308.52634167671204 4.000005128668137
560 560 0.003028659255287517 320.65544033050537 4.000005128668101
580 580 0.0023041860747222715 332.83381962776184 4.000005128668066
600 600 0.0022476832854997266 346.04511523246765 4.000005128668066
620 620 0.0020587500822393605 359.14955377578735 4.00000512866803
640 640 0.0016415828168300168 372.02122044563293 4.000005128667993
660 660 0.0016712932789041523 384.9081151485443 4.000005128667993
680 680 0.0016321454474044132 398.2064747810364 4.000005128667958
700 700 0.0015638362499155226 412.6736376285553 4.0000051286679215
720 720 0.0015971390914428741 426.9577302932739 4.0000051286679215
740 740 0.0013941577220496384 441.1368098258972 4.000005128667885
760 760 0.001159314351335607 455.18485617637634 4.000005128667849
780 780 0.0012682534412326784 469.4797420501709 4.000005128667849
800 800 0.0010811697140796956 484.5337002277374 4.000005128667813
820 820 0.0009717069910940526 499.8738842010498 4.000005128667777
840 840 0.0009859845336234081 515.388599395752 4.000005128667777
860 860 0.000981463033068412 532.4369516372681 4.000005128667741
880 880 0.0009412379619975213 548.0311737060547 4.000005128667705
900 900 0.0009386704417293274 564.718427658081 4.000005128667705
920 920 0.0008740809933106837 582.2097203731537 4.000005128667668
940 940 0.0007885106818661878 597.8008697032928 4.000005128667633
960 960 0.0008197637856565561 613.3904554843903 4.000005128667633
980 980 0.0007971098670275165 629.188766002655 4.000005128667597
1000 1000 0.0007393424109678937 645.323691368103 4.000005128667561
1020 1020 0.0007577473591043768 661.2765183448792 4.000005128667561
1040 1040 0.000751386493855914 677.1041090488434 4.0000051286675244
1060 1060 0.0006935237880699367 693.1310765743256 4.000005128667489
1080 1080 0.0006860782089036264 709.5194351673126 4.000005128667488
1100 1100 0.0006754169617772426 726.7379262447357 4.000005128667453
1120 1120 0.0006481467086431262 743.791779756546 4.000005128667416
1140 1140 0.0006205576075439439 759.9733753204346 4.000005128667417
1160 1160 0.0006589097241240115 776.1966941356659 4.000005128667381
1180 1180 0.0006345995139861963 792.2501094341278 4.000005128667344
1200 1200 0.0005774762335048556 808.1867632865906 4.000005128667344
1220 1220 0.0006416323309386129 825.3993616104126 4.000005128667309
1240 1240 0.0006110239301462017 842.1252272129059 4.000005128667272
1260 1260 0.0005220968666183293 858.2121002674103 4.000005128667272
1280 1280 0.0006053835800600612 874.017834186554 4.000005128667236
1300 1300 0.0005798678059655694 891.6289246082306 4.0000051286672
1320 1320 0.0004938528391699565 909.1514201164246 4.000005128667201
1340 1340 0.0005959366759147121 926.6914880275726 4.000005128667165
1360 1360 0.0005502744751705805 944.1639263629913 4.000005128667128
1380 1380 0.000468935376785912 960.2874748706818 4.000005128667128
1400 1400 0.0005740607942301066 977.2362477779388 4.000005128667092
1420 1420 0.0005219496847253607 994.2745699882507 4.0000051286670555
1440 1440 0.0004308533440079258 1010.3333668708801 4.0000051286670555
1460 1460 0.0005415029084848647 1026.288559436798 4.00000512866702
1480 1480 0.0004670487906146643 1042.0202763080597 4.0000051286669835
1500 1500 0.0004042129665670945 1057.94415807724 4.0000051286669835
1520 1520 0.0004672331526341906 1073.784642457962 4.000005128666948
1540 1540 0.00042651349647547705 1089.4463350772858 4.000005128666912
1560 1560 0.00036608308882969356 1104.9796380996704 4.000005128666912
1580 1580 0.00035784760113909695 1120.95725274086 4.000005128666876
1600 1600 0.000322183138341921 1137.01913022995 4.00000512866684
1620 1620 0.0003166177397637348 1152.750485420227 4.00000512866684
1640 1640 0.00030867503124568465 1168.882024526596 4.000005128666803
1660 1660 0.0002767837917404751 1184.6531884670258 4.000005128666768
1680 1680 0.0002350199156528761 1200.6804077625275 4.000005128666768
1700 1700 0.0002850514775658133 1216.4882729053497 4.000005128666731
1720 1720 0.00026489088686876467 1232.729479789734 4.000005128666696
1740 1740 0.00021178875376363658 1249.0383520126343 4.000005128666696
1760 1760 0.00026696637482797475 1266.2460453510284 4.000005128666659
1780 1780 0.00025193945638603423 1282.2214925289154 4.000005128666624
1800 1800 0.00019399289062085713 1298.438381910324 4.000005128666624
1820 1820 0.0002184636729967966 1316.2586300373077 4.000005128666587
1840 1840 0.00020458482195875912 1334.053201675415 4.000005128666552
1860 1860 0.00017272506217427076 1351.053636789322 4.000005128666552
1880 1880 0.00020800656823017412 1368.6118314266205 4.0000051286665155
1900 1900 0.00019172608999264672 1386.1296718120575 4.000005128666479
1920 1920 0.00015660517587406874 1403.675215959549 4.00000512866648
1940 1940 0.0001941740056144094 1420.6145296096802 4.0000051286664435
1960 1960 0.00017873212323143745 1436.9562349319458 4.000005128666407
1980 1980 0.0001418387609003866 1454.9404261112213 4.000005128666407
2000 2000 0.0001526807939642665 1472.0881474018097 4.000005128666371
