0 0 2.666666666666667 0.016829729080200195 1.5000000000000002
20 20 0.0811366722533386 0.2522609233856201 1.6488798171490326
40 40 0.07530823073222104 0.4718141555786133 0.22387295282490038
60 60 0.07620238092332073 0.6939558982849121 0.5429067360343576
80 80 0.07306841869361896 0.943763256072998 0.1998336668064711
100 100 0.07531751228702191 1.2211780548095703 0.8877705714548029
120 120 0.07271029698187609 1.69020414352417 0.18253931291095962
140 140 0.07290674843617202 1.9189770221710205 0.17579041780733956
160 160 0.07299647549987862 2.1406657695770264 0.2550839038217391
180 180 0.07454784531568079 2.3663597106933594 0.700318284410316
200 200 0.07226374487064913 2.582914113998413 0.15543679577132188
220 220 0.07255294585901009 2.8239755630493164 0.16491338823960952
240 240 0.07225283890432979 3.1960456371307373 0.11602793588909159
260 260 0.07308601282595398 3.487725257873535 0.273880306553569
280 280 0.07254839552302608 3.740546226501465 0.10971026866027231
300 300 0.0722861871175477 3.9930567741394043 0.0712134505860049
320 320 0.07224739395890645 4.230086803436279 0.047781513700217645
340 340 0.0724268341865053 4.47001314163208 0.07504824779423094
360 360 0.07235954777786405 4.711367130279541 0.054294499497266425
380 380 0.07222147539000154 4.936771392822266 0.03199997600955746
400 400 0.0722161245113762 5.168460845947266 0.032001204124060705
420 420 0.07230278477632146 5.388450860977173 0.03761906763267002
440 440 0.0723329611051017 5.618057012557983 0.04647740470676927
460 460 0.07219275868399888 5.837918519973755 0.03199998924401841
480 480 0.07221333440619294 6.081617116928101 0.03200024114125807
500 500 0.07217844824573924 6.304701328277588 0.03199999871925778
520 520 0.07228210902628548 6.529404640197754 0.0319999987640434
540 540 0.07220887703487805 6.746250867843628 0.03200013685868536
560 560 0.07219218398342889 6.96809458732605 0.031999998920599466
580 580 0.0721871845381471 7.187866449356079 0.03200009207063415
600 600 0.07220351856781529 7.4063496589660645 0.03199999936397247
620 620 0.07220558765830226 7.6528894901275635 0.03200003125811217
640 640 0.07218052951359612 7.899499416351318 0.031999999659080264
660 660 0.07218205842779585 8.135156869888306 0.03200000934595665
680 680 0.07218379654433682 8.495812177658081 0.031999999884632535
700 700 0.07218959206926864 8.781269073486328 0.0320000035203748
720 720 0.07217882820872379 9.051558494567871 0.031999999970318244
740 740 0.07218035219735121 9.304683446884155 0.032000001464446585
760 760 0.07217931257795693 9.547871589660645 0.03199999999460025
780 780 0.07218680607012912 9.788970232009888 0.03200000001548375
800 800 0.07217903778519266 10.041040897369385 0.03200000048525602
820 820 0.07217941502973205 10.292578220367432 0.03199999998194396
840 840 0.07217852552072593 10.533080577850342 0.03200000082102506
860 860 0.07218132530608365 10.7682785987854 0.03199999998979247
880 880 0.07218099624705926 11.000394582748413 0.03200000046185912
900 900 0.07217811831909028 11.24775242805481 0.03199999999683014
920 920 0.0721783687416066 11.483337640762329 0.03200000012202197
940 940 0.07217808315752253 11.7144775390625 0.03199999999951303
960 960 0.07217917959843223 11.950314998626709 0.032000000018977494
980 980 0.07217778909717283 12.174390077590942 0.0320000000008479
1000 1000 0.07217798884241106 12.422032833099365 0.03200000000232329
1020 1020 0.07217778315506979 12.70111894607544 0.03200000000094672
1040 1040 0.07217841431546315 12.940738916397095 0.031999999999958374
1060 1060 0.07217784612205855 13.169085264205933 0.0320000000022091
1080 1080 0.07217790935252107 13.427132368087769 0.03199999999994078
1100 1100 0.07217782005740063 13.66762089729309 0.032000000003837056
1120 1120 0.07217815824266768 13.89891242980957 0.03199999999990645
1140 1140 0.07217802444028112 14.132753372192383 0.03200000000385933
1160 1160 0.072177827686626 14.386488199234009 0.031999999999944115
1180 1180 0.07217783966364918 14.63922905921936 0.032000000001872864
1200 1200 0.07217783829773872 14.871116876602173 0.03199999999998609
1220 1220 0.07217795892141371 15.107592821121216 0.03200000000029894
1240 1240 0.07217778777326686 15.337600469589233 0.03200000000007772
1260 1260 0.07217780389698922 15.566560745239258 0.031999999999999494
1280 1280 0.0721777849311678 15.811981201171875 0.03200000000013595
1300 1300 0.07217783396183727 16.070965051651 0.03199999999999891
1320 1320 0.0721777994867287 16.30188250541687 0.03200000000006045
1340 1340 0.07217778679734102 16.548738956451416 0.031999999999999085
1360 1360 0.07217778172582323 16.79154682159424 0.03200000000002933
1380 1380 0.07217780531128205 17.020798921585083 0.03199999999999947
1400 1400 0.07217779400644916 17.279176712036133 0.032000000000019756
1420 1420 0.07217778272476169 17.51978087425232 0.03199999999999962
1440 1440 0.07217778240073425 17.76099443435669 0.03200000000001462
1460 1460 0.07217778766394334 17.99981117248535 0.031999999999999806
1480 1480 0.07217779535630313 18.242515563964844 0.03200000000000584
1500 1500 0.07217777820409699 18.50433921813965 0.03199999999999997
1520 1520 0.07217778098341568 18.74734926223755 0.031999999999999994
1540 1540 0.07217777844582696 18.998945713043213 0.03200000000000147
1560 1560 0.07217778500102459 19.24644899368286 0.03199999999999999
1580 1580 0.07217778143509501 19.498413562774658 0.03200000000000115
1600 1600 0.07217777864694269 19.739049434661865 0.031999999999999994
1620 1620 0.07217777845696294 19.98817467689514 0.03200000000000043
1640 1640 0.07217777958494512 20.252578735351562 0.032
1660 1660 0.07217777951644694 20.510939121246338 0.03200000000000016
1680 1680 0.072177778076895 20.762042760849 0.032
1700 1700 0.07217777811306836 21.016706466674805 0.03200000000000008
1720 1720 0.07217777862769631 21.249736547470093 0.032
1740 1740 0.07217777906272572 21.495376348495483 0.03200000000000004
1760 1760 0.07217777787316887 21.745990753173828 0.032
1780 1780 0.07217777806842998 22.017894744873047 0.032000000000000015
1800 1800 0.07217777779071569 22.259437561035156 0.032
1820 1820 0.07217777862325798 22.517509937286377 0.032
1840 1840 0.07217777807905795 22.76807475090027 0.032000000000000015
1860 1860 0.07217777789410335 23.012901782989502 0.032
1880 1880 0.07217777786404037 23.258130311965942 0.03200000000000001
1900 1900 0.07217777797515562 23.499172687530518 0.032
1920 1920 0.0721777780320419 23.761953115463257 0.032
1940 1940 0.07217777779568202 24.013766765594482 0.032
1960 1960 0.07217777781631961 24.258001804351807 0.032
1980 1980 0.07217777780875555 24.48967480659485 0.032
2000 2000 0.07217777787845849 24.719719409942627 0.032
