0 0 5.0 1.2238993644714355 3.0
10 20 0.6947374731318701 10.350412607192993 3.8356623776075676
20 40 0.23921281152890997 19.485018014907837 3.977655854409415
30 60 0.1800029647647346 28.57717275619507 4.939019247972005
40 80 0.11645571184964988 37.688923835754395 5.400977910251636
50 100 0.08618470301529753 46.81193995475769 5.6850371408964335
60 120 0.08685017326378561 55.927844524383545 5.670590813705366
70 140 0.0635893132769233 65.04752111434937 5.800393713888234
80 160 0.07504245358004297 74.31422257423401 5.848446704566459
90 180 0.05189156767970088 83.74827075004578 5.8610573165143185
100 200 0.05392339894357542 92.9054946899414 5.8459422720931595
110 220 0.05391537043439616 102.04286575317383 5.8046704808856635
120 240 0.04740833537239287 111.12390875816345 5.753129277220842
130 260 0.044370308233958794 120.23074460029602 5.688325785222708
140 280 0.04278671887860003 129.3291139602661 5.616853018607724
150 300 0.03796624960508628 138.44307827949524 5.538609094571646
160 320 0.03939068207063691 147.82274675369263 5.453520844041388
170 340 0.036823064993370534 157.2636592388153 5.36354209729986
180 360 0.03572708893421255 168.0896921157837 5.266773549301578
190 380 0.03695315774055881 178.79893589019775 5.16948438461019
200 400 0.03269942787235136 189.57731318473816 5.064309227431804
210 420 0.03289820957908285 200.73932790756226 4.95826806789507
220 440 0.03332147903835472 211.76220297813416 4.8523769061956274
230 460 0.027264448958197664 222.73180270195007 4.737477933278731
240 480 0.0285741695926842 233.81720542907715 4.63349157325277
250 500 0.02688665015607042 244.68274402618408 4.5410966888322974
260 520 0.026366126759812154 255.66375207901 4.44835905784182
270 540 0.029294101395905575 266.6344213485718 4.35467447005379
280 560 0.024783249452672382 277.49461030960083 4.259569772239038
290 580 0.024480954750971833 288.1744728088379 4.162650979262597
300 600 0.025783053153689985 298.6015028953552 4.0635626278498576
310 620 0.023427968590123957 309.0359876155853 3.961953415852315
320 640 0.02576227046939157 319.4833564758301 3.8796559656044773
330 660 0.02503934397941701 330.03515338897705 3.8787464107783594
340 680 0.02212814945958874 340.53032088279724 3.877992169756314
350 700 0.025260637871493026 351.0813364982605 3.8773697191304812
360 720 0.02234038998835167 362.0591950416565 3.876859385649428
370 740 0.021085848103855602 372.59088230133057 3.876444329018575
380 760 0.02195430508545648 383.17264890670776 3.8761091155725764
390 780 0.01945926120397648 393.8696060180664 3.875841183048584
400 800 0.020163024532814496 404.45393776893616 3.8756287255802473
410 820 0.021274726498571435 415.09540605545044 3.8754616308069925
420 840 0.019190003038353293 425.70914125442505 3.875331322953452
430 860 0.019808296019212152 436.32977056503296 3.875229518134883
440 880 0.01995749848401547 447.19279646873474 3.875149661805734
450 900 0.019219365581722252 457.9790575504303 3.8750854776719557
460 920 0.01887066578692117 468.4946758747101 3.8750314537573813
470 940 0.018534445758767795 479.1881709098816 3.874983218733293
480 960 0.017914904197710475 489.7520945072174 3.8749362816647155
490 980 0.018835385808719005 500.3105397224426 3.874887274064705
500 1000 0.017497241397594794 510.89854741096497 3.8748330606450545
510 1020 0.017935794957422188 521.4081566333771 3.8747707047160405
520 1040 0.018134595023465414 532.0923237800598 3.8746982218124644
530 1060 0.017518308622528223 542.9720809459686 3.8746134079593415
540 1080 0.017925071787929903 553.885146856308 3.874514665462013
550 1100 0.01766742508934177 564.3759095668793 3.874400760430835
560 1120 0.016867367053766145 575.1566889286041 3.874270273937245
570 1140 0.017618483649696634 585.9511439800262 3.874122536643199
580 1160 0.017394055547200256 596.4799239635468 3.8739567811754796
590 1180 0.016639336038101957 607.0771219730377 3.8737723401286193
600 1200 0.01749793353258576 617.5902416706085 3.8735690812794674
610 1220 0.016556923922640826 627.9829757213593 3.873346500056388
620 1240 0.017061031656665816 638.330888748169 3.8731045469362133
630 1260 0.017120072310267888 648.7619895935059 3.8728433292859243
640 1280 0.01659143403558104 659.5095586776733 3.8725626477552777
650 1300 0.01716224174021322 670.014746427536 3.872262895607395
660 1320 0.017108132060514897 681.1249594688416 3.8719441488999657
670 1340 0.01634573994375084 692.7220089435577 3.8716065656872134
680 1360 0.016816557624854248 703.4601860046387 3.8712507009244588
690 1380 0.016542250043697727 714.4600758552551 3.870876647727284
700 1400 0.01614551812580855 725.7038860321045 3.8704849056908586
710 1420 0.016212814843448522 736.9079666137695 3.8700759341727413
720 1440 0.016249130048994687 748.3620347976685 3.8696499255615104
730 1460 0.015970311108871125 759.0424239635468 3.8692075377253716
740 1480 0.016719754765230868 769.6308510303497 3.8687491299888577
750 1500 0.015746116988652453 780.2218816280365 3.868275065095394
760 1520 0.0157532882849326 790.685919046402 3.867786009128681
770 1540 0.016490708152363878 801.2812104225159 3.8672821929356167
780 1560 0.015745882076787114 812.5553691387177 3.8677185003269887
790 1580 0.016287414055661538 823.679764509201 3.868539369014842
800 1600 0.01563884132313538 835.790890455246 3.869303682893894
810 1620 0.015971798227226264 848.1443226337433 3.87001281985427
820 1640 0.01565214838967028 860.1676878929138 3.8706684608718778
830 1660 0.015600737598205973 871.9078254699707 3.8712724684834043
840 1680 0.01542670332685907 883.6067428588867 3.8718267030934777
850 1700 0.016347847807011897 895.190437078476 3.8723327573148505
860 1720 0.015329449162224278 907.0782206058502 3.8727916939834657
870 1740 0.015129597304156325 919.0059330463409 3.876928100152398
880 1760 0.015571950030360111 930.9324810504913 3.879849873448678
890 1780 0.01594141302024217 942.782867193222 3.879595680268801
900 1800 0.014969707973138367 954.6932549476624 3.8793296927526093
910 1820 0.015401401997690911 965.8398821353912 3.879051901326086
920 1840 0.015296172415189591 976.3945064544678 3.8787620204971476
930 1860 0.015391789608250729 987.1533439159393 3.878459496236843
940 1880 0.015218557057691626 998.2607216835022 3.8781437338022755
950 1900 0.015100833490757897 1009.3672032356262 3.8778144082777377
960 1920 0.014961852099388342 1020.3643183708191 3.87747158511143
970 1940 0.015781612501817727 1031.3182711601257 3.8771156253242385
980 1960 0.014871990137528837 1042.4442119598389 3.8767469925204656
990 1980 0.01512731540744569 1053.327347278595 3.876365971780894
1000 2000 0.015002770773693453 1064.5064697265625 3.8759723261589896
