0 0 2.666666666666667 0.01703643798828125 1.5000000000000002
20 20 0.7380029178093703 0.22626471519470215 0.3224496030366905
40 40 0.6432677814395191 0.4473702907562256 0.28780275352145485
60 60 0.5763593189069454 0.65875244140625 0.26024290942539147
80 80 0.5279306499569691 0.8589105606079102 0.31996035733935874
100 100 0.4742039189782326 1.0586974620819092 0.21069087046547658
120 120 0.4240400198755593 1.2541534900665283 0.18931738532952805
140 140 0.3824070275141127 1.4539997577667236 0.21224760827628567
160 160 0.34257246780656814 1.6552419662475586 0.15299785895459864
180 180 0.3094794690570558 1.8514418601989746 0.13773251406046547
200 200 0.2776904137139909 2.048492193222046 0.12396220976964288
220 220 0.2515928883713102 2.2426846027374268 0.1371265714019241
240 240 0.2264026195278894 2.447709321975708 0.10532644443224708
260 260 0.20335389725035477 2.659703493118286 0.09041254121498295
280 280 0.18312880172928353 2.877553701400757 0.08135182309024844
300 300 0.1646941137516194 3.106982707977295 0.07321569438142447
320 320 0.1484534099768697 3.3146908283233643 0.06589394189049917
340 340 0.1337900964918375 3.520132541656494 0.05929900942706668
360 360 0.12055691965142443 3.7213315963745117 0.053366520010230026
380 380 0.10824822096083275 3.9224441051483154 0.048030450563241726
400 400 0.09754934987540148 4.122775077819824 0.04322788112710369
420 420 0.08781075422772061 4.321077585220337 0.038904522221274544
440 440 0.07906919370246124 4.525126934051514 0.03501407644334509
460 460 0.07116214426110606 4.722957611083984 0.03151278042226283
480 480 0.06404867839228648 4.929995536804199 0.028361396221848995
500 500 0.05770565457854402 5.133705377578735 0.02552528035739715
520 520 0.051915501927736765 5.334459066390991 0.022972755049699506
540 540 0.04674770178265438 5.532834053039551 0.02067550480458272
560 560 0.04206205969869499 5.732053279876709 0.018607926236067295
580 580 0.03786096625150713 5.927175283432007 0.016747147500545366
600 600 0.03408430656657073 6.131568431854248 0.015072445869432741
620 620 0.030678014860502697 6.32653546333313 0.013565183558485162
640 640 0.02761753701163166 6.521464586257935 0.012208668283384898
660 660 0.024863021125008374 6.728508234024048 0.010987791143998137
680 680 0.02236794018964977 6.931560516357422 0.009889005294200118
700 700 0.020131055331799364 7.125147342681885 0.008900110379777332
720 720 0.018129594719371263 7.325220346450806 0.00806465142334242
740 740 0.016310391516491222 7.522706747055054 0.007209087464786768
760 760 0.014679658043694288 7.712498664855957 0.0064881796815509955
780 780 0.013215568164892525 7.910844087600708 0.0058393610861789905
800 800 0.011895576537026841 8.109591960906982 0.007888722177035897
820 820 0.010705932780123023 8.309317350387573 0.004729883585378714
840 840 0.009633073305478442 8.502285480499268 0.004256894284643011
860 860 0.008671933431349692 8.706787824630737 0.004502237979197602
880 880 0.007804642685930682 8.905646562576294 0.0034480844082628685
900 900 0.007026357697771392 9.108519077301025 0.007572333002454811
920 920 0.007025202740408995 9.30749225616455 0.00425369076684341
940 940 0.006322458218727536 9.50940465927124 0.0027929484353181044
960 960 0.005690882898935433 9.70147442817688 0.004570049612653484
980 980 0.005121158411987543 9.90529751777649 0.002262288395383885
1000 1000 0.004609736676485773 10.101561784744263 0.003449543397835603
1020 1020 0.004610131859356616 10.293426036834717 0.004915819835659996
1040 1040 0.004609430815543238 10.485643148422241 0.0029044838175636815
1060 1060 0.004148950029373662 10.68411922454834 0.0027418181125131776
1080 1080 0.003734203813819981 10.88416075706482 0.004860334819966357
1100 1100 0.003733763350736291 11.086872339248657 0.0027062931131238647
1120 1120 0.0033603041671528056 11.28105354309082 0.002574959277126265
1140 1140 0.003360343294250852 11.474669218063354 0.0027066935833318846
1160 1160 0.003024744973654919 11.669201850891113 0.002919149887283549
1180 1180 0.0030244139107823828 11.863004684448242 0.0033859139650915496
1200 1200 0.0030246088325814116 12.059078693389893 0.0025414918217591576
1220 1220 0.003024491915462153 12.262689590454102 0.00387563760480319
1240 1240 0.003024349068267648 12.458234310150146 0.002475057671346834
1260 1260 0.002721853128589243 12.661920547485352 0.0020228888653334425
1280 1280 0.0027217902907907326 12.861989736557007 0.0019928717062990546
1300 1300 0.0024498259452624227 13.055634498596191 0.002163133714185882
1320 1320 0.0024498518018300436 13.248266696929932 0.0029275042565748734
1340 1340 0.0024498332054761515 13.443236589431763 0.0035660554244914817
1360 1360 0.0024500018147481247 13.63807725906372 0.0028226720259090384
1380 1380 0.0024498461608342312 13.833651065826416 0.0030443242892642204
1400 1400 0.0024496606631441917 14.031804084777832 0.001902141253530392
1420 1420 0.0022046813843343447 14.229355335235596 0.0017033066919406332
1440 1440 0.0022046846388935823 14.427364349365234 0.0016609027858355194
1460 1460 0.0019842682354180782 14.633283853530884 0.0017002386314131914
1480 1480 0.001984259368541152 14.83206295967102 0.001568870613397413
1500 1500 0.0017859636579792885 15.031934261322021 0.002975003571407549
1520 1520 0.0017860795814629788 15.22704529762268 0.004061184515492956
1540 1540 0.0017861844518541324 15.420276641845703 0.003983053240470616
1560 1560 0.0017860959226160544 15.617359399795532 0.002776767098781584
1580 1580 0.0017858476381547954 15.809447765350342 0.0015667615925259355
1600 1600 0.0016072500476748861 16.005945444107056 0.0013532304105265756
1620 1620 0.0016072616033434124 16.203180074691772 0.0012785081574006997
1640 1640 0.0014465674289559157 16.39729952812195 0.0013584405909663451
1660 1660 0.001446557119131549 16.59171175956726 0.0014323157123942642
1680 1680 0.0014465132563321764 16.797253370285034 0.001165469516320067
1700 1700 0.0013018471120376084 16.997822999954224 0.0011248594487138744
1720 1720 0.0013020053155667127 17.195296049118042 0.0017649645018140482
1740 1740 0.0013020864971833523 17.392192125320435 0.0027754884331043215
1760 1760 0.0013021098367088887 17.590457916259766 0.0031992689657641274
1780 1780 0.0013020684950110007 17.787137985229492 0.0029529599073902066
1800 1800 0.001301951722687229 17.98381757736206 0.0020938526710086863
1820 1820 0.0013018572492191432 18.180387496948242 0.0009272126304325823
1840 1840 0.0011717437030246466 18.37473750114441 0.0015285048383027312
1860 1860 0.0011717745372411966 18.56685447692871 0.0013201411502263786
1880 1880 0.0011717474389279809 18.767910957336426 0.001354286513223436
1900 1900 0.0011717210345205528 18.962358474731445 0.0010080595026045293
1920 1920 0.0010544927841279006 19.161330938339233 0.0007590600236558039
1940 1940 0.0010545170608294943 19.359694719314575 0.0007309087109650444
1960 1960 0.000949158655433288 19.55457091331482 0.001757461530198723
1980 1980 0.000949224578039603 19.747411012649536 0.0023988326965314524
2000 2000 0.0009492217511235316 19.943636894226074 0.002519764451477123
