0 0 2.552887885410685 9.760949850082397 5.576154047644822
6 18 0.8182489543442667 26.178948879241943 3.8200784320250447
13 39 0.5694367369252558 45.38895869255066 3.570732091861543
19 57 0.41130899512775504 61.75645112991333 5.079377401717359
26 78 0.2858435705103277 80.92982506752014 4.024977032163514
33 99 0.2078821205326446 100.0360894203186 3.642388342595659
39 117 0.19654820336510131 116.35369181632996 3.670654818918327
46 138 0.18267332463542835 134.76856303215027 3.6918542216421617
53 159 0.15572003637450743 152.94628071784973 3.711115498912336
59 177 0.12143985225033034 168.54246735572815 3.721282591167415
66 198 0.11628752048089819 186.8958888053894 3.7283765845183234
73 219 0.10999368058060258 205.6813521385193 3.7590172647645215
79 237 0.10497446837563307 221.27277612686157 3.777457551869761
86 258 0.09287307999482283 239.65856075286865 3.796470856713238
93 279 0.08821895866837652 257.9504728317261 3.808801501872301
99 297 0.08250760848668795 273.7022113800049 3.818071179705656
106 318 0.07492042607597943 292.4851016998291 3.8305890868573598
113 339 0.07226838898405234 311.05251955986023 3.838009182212824
119 357 0.07138461803912703 326.70707297325134 3.8431960784814736
126 378 0.06831763080041481 345.1156806945801 3.8507656672902684
133 399 0.06086908013129033 363.5090310573578 3.8558012504425188
139 417 0.06047583951141977 379.4510474205017 3.8610205649805422
146 438 0.059490185003482667 398.34375524520874 3.863737873483004
153 459 0.060793027285759915 416.912082195282 3.869027444043587
159 477 0.055360317670532455 433.0270109176636 3.8718893940719057
166 498 0.05119785195299496 451.48616313934326 3.875644041429293
173 519 0.044821525200130094 469.737491607666 3.8788023356319243
179 537 0.04880334238526144 485.27057933807373 3.8810191914008763
186 558 0.05385651766124316 503.75986981391907 3.8839642062023727
193 579 0.05753801916841075 521.9738819599152 3.88513909217581
199 597 0.04939592708448768 538.5717694759369 3.8861392684355
206 618 0.04823404102885018 557.8431553840637 3.887111152048317
213 639 0.05211791195106941 577.0392961502075 3.888244712583238
219 657 0.049366874289176355 593.8008065223694 3.8891840600280148
226 678 0.047365508628029754 612.8349890708923 3.8902655782431674
233 699 0.04391152687721883 631.1233267784119 3.8913236318227997
239 717 0.044874880441998805 646.8005406856537 3.892519174468627
246 738 0.03738146131239364 665.763920545578 3.8935144111586446
253 759 0.04086911542711491 685.2703545093536 3.8948072307674253
259 777 0.0404936460963138 703.3026218414307 3.8961132850743043
266 798 0.03694043295154456 723.4279651641846 3.897479881204273
273 819 0.035263155190041154 743.5806646347046 3.8986471768454747
279 837 0.034944662743221444 760.6117889881134 3.899498232796164
286 858 0.036127226835701576 781.0803914070129 3.901127739655108
293 879 0.03798357613320605 801.8575382232666 3.902327228652147
299 897 0.035262674085206544 819.4830391407013 3.903207293030765
306 918 0.03651611507699101 837.8864550590515 3.904319696185333
313 939 0.03914964110235613 856.7183828353882 3.905527943840899
319 957 0.0348441218033846 873.0870471000671 3.906497059956347
326 978 0.03003536704614211 892.0668935775757 3.9075857349441616
333 999 0.03034283672559012 910.991518497467 3.908660376911357
339 1017 0.027299427886754185 927.378823518753 3.909723472004513
346 1038 0.034669549361993846 945.1012153625488 3.910616717089068
352 1056 0.03179883759651836 960.1371614933014 3.911598522289171
359 1077 0.030386276649710525 979.118953704834 3.9125119075295096
366 1098 0.02939459836844638 999.3717174530029 3.9134891070053643
372 1116 0.03028177685790143 1016.635176897049 3.914361657521867
379 1137 0.031424270217578265 1034.7158946990967 3.9153039357164987
386 1158 0.030878147706976302 1052.8388760089874 3.9161648015587494
392 1176 0.026898091274151277 1068.230471611023 3.916957174561471
399 1197 0.025293779778645664 1085.8255302906036 3.9178581957727174
406 1218 0.027275608640974613 1105.3414406776428 3.9186320961242638
412 1236 0.02249802707251498 1122.5273196697235 3.919362314743632
419 1257 0.02386507505884896 1142.3984203338623 3.920243207800418
426 1278 0.024416935877244 1160.7351455688477 3.9208694082671878
432 1296 0.026344724321434032 1176.080843448639 3.921340625571126
439 1317 0.024899798513674857 1194.1274852752686 3.922352386930985
446 1338 0.022956309295623915 1214.895274400711 3.923030081703713
452 1356 0.020713569834851255 1232.0427165031433 3.9236145484152667
459 1377 0.02087534374129897 1250.2199070453644 3.9242621966502345
466 1398 0.021299036566926943 1268.3050346374512 3.92489109702211
472 1416 0.019649931004389828 1283.5845293998718 3.925365359135815
479 1437 0.020751084172576085 1302.0621981620789 3.9259805115621695
486 1458 0.02148315364115783 1319.9504842758179 3.9266986793142533
492 1476 0.0234222020397366 1335.0075588226318 3.9271934574201848
499 1497 0.021838917702904977 1352.1876192092896 3.927688434931753
506 1518 0.02267908624962383 1369.2866351604462 3.9283627370638787
512 1536 0.02150491832490394 1383.8862023353577 3.9287653717583915
519 1557 0.02320520206081146 1400.926862001419 3.929281325599505
526 1578 0.02324803999769403 1417.9044947624207 3.9297512897716644
532 1596 0.02078784085606078 1432.4661111831665 3.930062579933176
539 1617 0.020795304537044316 1449.504502773285 3.9307908719407587
546 1638 0.021177987041555893 1466.3674111366272 3.9314078115376487
552 1656 0.020264649393960166 1480.8643572330475 3.9317268770800835
559 1677 0.020384788556852995 1497.9492726325989 3.9321368472099354
566 1698 0.019103180127854315 1514.9488377571106 3.932562376965876
572 1716 0.017996734441869375 1529.481544494629 3.9329866881651054
579 1737 0.017920220527387884 1546.5119218826294 3.9335112793681324
586 1758 0.018168211250299424 1563.539799451828 3.93389792775287
592 1776 0.016688027498015928 1578.0044615268707 3.9342664492678394
599 1797 0.018829977209266574 1595.10870885849 3.9345671257651342
606 1818 0.018089814919088804 1612.170670747757 3.9349608802795877
612 1836 0.01721349346428816 1626.9056987762451 3.9352411888627623
619 1857 0.01676494499461105 1644.0147984027863 3.93566178787257
626 1878 0.017193556683518414 1661.1328094005585 3.9359898001535996
632 1896 0.014197083639844205 1675.769268989563 3.9362221567703854
639 1917 0.01502216871163162 1692.857822418213 3.9365297572516607
646 1938 0.015256191001452044 1709.9006996154785 3.936866265151393
652 1956 0.014894153451284984 1724.4979569911957 3.9371194186594844
659 1977 0.015671426187932186 1741.526484966278 3.9373328550076727
666 1998 0.01704961852610647 1758.5574750900269 3.9376138573699984
