0 0 5.0 1.1952953338623047 3.0
20 20 0.5445759463947106 12.575036525726318 3.9885617549686274
40 40 0.2714560185589301 24.50914692878723 3.991671305459529
60 60 0.2727841560332976 36.588810205459595 3.9903440251787035
80 80 0.20603451225945435 48.568045139312744 3.990342658476975
100 100 0.17774850120817787 60.47315764427185 3.990342658475529
120 120 0.14881633351491705 72.62434840202332 3.9890139891313288
140 140 0.10045457055392887 84.66406154632568 3.989013987725529
160 160 0.11853802460999543 96.71518731117249 3.987686683653649
180 180 0.12183556508821766 108.73276901245117 3.9876853169769744
200 200 0.07984974435190513 120.72616720199585 3.9876853169755293
220 220 0.061152188354394066 132.7552182674408 3.986356647631259
240 240 0.09322226955673721 144.68005919456482 3.9863566462255298
260 260 0.08091814050681831 156.61779761314392 3.9850293421105523
280 280 0.07849042499913417 168.55622363090515 3.985027975476975
300 300 0.06795495742094212 180.49719858169556 3.9850279754755307
320 320 0.0700043520903121 192.4445571899414 3.9836993061311503
340 340 0.06627533742975106 204.38192319869995 3.9836993047255307
360 360 0.053622118013910966 216.32580542564392 3.982372000549417
380 380 0.05420530086328378 228.23997974395752 3.9823706339769758
400 400 0.058766168812963454 240.27457475662231 3.98237063397553
420 420 0.057183303671760305 252.17397594451904 3.981041964631005
440 440 0.051162666048033115 264.11417841911316 3.981041963225532
460 460 0.054397042416989436 276.12369084358215 3.979714658970241
480 480 0.055744808455711614 288.1043267250061 3.979713292476975
500 500 0.04801422738144365 301.11683917045593 3.9797132924755303
520 520 0.04860369932267203 313.73716974258423 3.9783846231308218
540 540 0.0468648484096557 325.6861848831177 3.978384621725532
560 560 0.05388692008748536 337.5327579975128 3.9770573173730295
580 580 0.05029788505066045 349.4892144203186 3.9770559509769763
600 600 0.044440251618651685 361.4275119304657 3.9770559509755317
620 620 0.041787349691319205 374.23690581321716 3.975727281630603
640 640 0.045646956686799606 386.10725116729736 3.975727280225533
660 660 0.045069702916011964 397.9295539855957 3.974399975757788
680 680 0.0419505208660204 409.76883721351624 3.9743986094769768
700 700 0.03893054292398031 421.6883990764618 3.9743986094755326
720 720 0.04051248740110405 433.6164016723633 3.973069940130346
740 740 0.040080185413053235 445.5251224040985 3.973069938725534
760 760 0.038499938943889575 457.49676966667175 3.9717426341245177
780 780 0.040583247597744496 469.4057810306549 3.9717412679769764
800 800 0.04150152357558781 481.31467843055725 3.9717412679755344
820 820 0.03564836920218228 493.21749353408813 3.9704125986300554
840 840 0.0336932174245242 505.1040029525757 3.970412597225535
860 860 0.03439084853534073 517.0029938220978 3.9690852924732223
880 880 0.035281231286997804 528.8958218097687 3.9690839264769773
900 900 0.034316768017791474 540.8125274181366 3.9690839264755344
920 920 0.036396504954824424 552.701963186264 3.967755257129724
940 940 0.0388941123049235 564.5559964179993 3.9677552557255362
960 960 0.031142855718917076 576.4592280387878 4.13418658195505
980 980 0.032737126220266755 588.3709359169006 4.133408484843631
1000 1000 0.033041780470787735 600.341940164566 4.132661865028517
1020 1020 0.03424091166630788 612.199969291687 4.212296861961967
1040 1040 0.03252313909019196 624.0466377735138 4.212294897856835
1060 1060 0.03476133339276875 635.9266819953918 4.21158675982207
1080 1080 0.03564797514673995 647.8135194778442 4.211548490282227
1100 1100 0.0284612224839174 659.721266746521 4.211548389111878
1120 1120 0.02942501740896014 671.6093616485596 4.2108038614810095
1140 1140 0.030738223399306003 683.497896194458 4.2108018902631015
1160 1160 0.029498915027059116 695.4252581596375 4.210093821744465
1180 1180 0.028369007545995223 707.3440799713135 4.210055483205652
1200 1200 0.03208272619029516 719.2704970836639 4.210055381485208
1220 1220 0.03210471418373541 731.1603548526764 4.209310861019523
1240 1240 0.02779839003172227 743.0756652355194 4.209308882674452
1260 1260 0.028590700079251134 754.8912808895111 4.208600883687578
1280 1280 0.03011361370107079 767.2759621143341 4.208562476136094
1300 1300 0.027711460256292196 779.8335280418396 4.208562373863442
1320 1320 0.02625956317330773 792.5894103050232 4.207817860577524
1340 1340 0.02874405622427481 805.3170955181122 4.207815875090922
1360 1360 0.029248380746695345 818.1750955581665 4.207107945651174
1380 1380 0.027692163538939794 830.4885492324829 4.2070694690735895
1400 1400 0.02974951592864505 842.407644033432 4.207069366246619
1420 1420 0.031501604838336535 854.3793547153473 4.206324860155032
1440 1440 0.026914847834092155 866.335147857666 4.206322867512551
1460 1460 0.026231954542959984 878.2810561656952 4.205615007635022
1480 1480 0.024719266859628546 890.3221480846405 4.205576462018181
1500 1500 0.024527599936749314 902.1344466209412 4.205576358634774
1520 1520 0.024910172750321976 913.9423031806946 4.204831859752062
1540 1540 0.026968037804324142 925.8501808643341 4.204829859939374
1560 1560 0.02822617065104263 937.7583518028259 4.2041220696388875
1580 1580 0.02556879366048205 949.6601786613464 4.204083454969906
1600 1600 0.02494813529657089 961.4947724342346 4.204083351027945
1620 1620 0.024409450228644252 973.2319314479828 4.203338859368634
1640 1640 0.022729039862218792 984.9556438922882 4.203336852371432
1660 1660 0.024308442621102863 996.9131090641022 4.2026291316625395
1680 1680 0.023955172495857067 1008.7519671916962 4.2025904479288085
1700 1700 0.02495361026723024 1020.6364059448242 4.202590343426169
1720 1720 0.024985941542507203 1032.5416107177734 4.201845859004764
1740 1740 0.024898575781426752 1044.4781911373138 4.201843844808762
1760 1760 0.024251337222948897 1056.4694457054138 4.201136193705741
1780 1780 0.02347368094550978 1068.3028309345245 4.201097440894923
1800 1800 0.023960826451552057 1080.1595346927643 4.201097335829485
1820 1820 0.023434796430892378 1092.1708431243896 4.20035285866047
1840 1840 0.02272429979242809 1104.100329875946 4.200350837251401
1860 1860 0.023735278692250936 1115.9879403114319 4.199643255768261
1880 1880 0.022922395913584026 1127.757490158081 4.199604433868294
1900 1900 0.022268881407314735 1139.4976308345795 4.199604328237927
1920 1920 0.023477048446468807 1151.4261569976807 4.1988598583357675
1940 1940 0.02404017105065401 1163.3449230194092 4.198857829699387
1960 1960 0.022905391701355922 1175.359830379486 4.198150317849864
1980 1980 0.02201685766913447 1187.2213971614838 4.198111426848958
2000 2000 0.022198214557438506 1199.2588257789612 4.198111320651537
