0 0 2.5612604284743377 9.648410558700562 5.555976949224559
6 18 0.8488514369714962 26.206203937530518 4.024493972032374
13 39 0.6510531359828835 45.561803579330444 2.7210568383224336
19 57 0.5159980354489329 62.184897899627686 2.732125148416303
26 78 0.33447108162564687 81.26487040519714 2.953072433697241
33 99 0.3167759360029739 100.40025615692139 2.909461854777811
39 117 0.2892798096956314 116.55550360679626 2.9821202455224722
46 138 0.22896328540146488 134.87314867973328 3.027546918392983
53 159 0.20577391910505105 153.2582883834839 3.060196760053357
59 177 0.2234705053221166 169.02758383750916 3.0883405595616216
66 198 0.2232509506944931 187.58007192611694 3.161367397676719
73 219 0.18100646864881054 206.10569548606873 3.1919847174843623
79 237 0.1749923918486639 221.88357639312744 3.21021702940648
86 258 0.15774798670142154 240.1803216934204 3.2345249304872064
93 279 0.147473859590477 258.5811116695404 3.256995987483823
99 297 0.14257065002303676 274.6133418083191 3.2750637810767
106 318 0.12768032734621199 293.5994288921356 3.295806901346765
113 339 0.12511136621014934 311.97184777259827 3.3174906623131206
119 357 0.13270124412177448 327.75428462028503 3.3322065774656284
126 378 0.11402206195099585 346.23932552337646 3.351184128433431
133 399 0.12115948173360298 364.8982274532318 3.369055262895981
139 417 0.12695398536939478 381.04881024360657 3.382775835000845
146 438 0.1131107829673074 399.72146797180176 3.399255877134318
153 459 0.11615316420474489 418.52437019348145 3.4154230072100082
159 477 0.10669295604664998 434.3594899177551 3.426558822890974
166 498 0.1070368741569233 452.65992736816406 3.4415700591760365
173 519 0.0992540498320629 470.8416666984558 3.4549928168838826
179 537 0.09281899815128443 486.65755248069763 3.4652858181947344
186 558 0.10196897361223407 504.9376311302185 3.477317148877789
193 579 0.09686163692689184 524.4058568477631 3.4895182251017838
199 597 0.09368377047184309 541.0332703590393 3.4984860937781685
206 618 0.08918073834578288 560.1383216381073 3.5091625283274674
213 639 0.09582180153043565 579.6148855686188 3.5198135291887334
219 657 0.10132857221471288 596.0468308925629 3.5270451364877116
226 678 0.09621691657432066 614.4536757469177 3.538303675543247
233 699 0.0943631190275924 632.7147064208984 3.5464840921605267
239 717 0.09057981380703775 648.8850193023682 3.5528845769197406
246 738 0.08535281264852167 668.3433654308319 3.560726634486373
253 759 0.08746464399921527 689.4474279880524 3.568184545567462
259 777 0.08608790311940714 706.7859191894531 3.5766014877079044
266 798 0.08911387473247924 727.1086416244507 3.583097783641215
273 819 0.08356338867732391 747.2287316322327 3.589477909286232
279 837 0.08299608900842302 764.7220454216003 3.5953429493599884
286 858 0.08059769914653109 785.5132873058319 3.600539938686405
293 879 0.08101747397420873 805.8863425254822 3.6064945125751158
299 897 0.08080945408500374 821.7276134490967 3.610750058121536
306 918 0.0805989376361769 840.5118718147278 3.6151840122547934
313 939 0.07932294967257467 859.7600076198578 3.620204719611029
319 957 0.07659503006638721 876.0912404060364 3.6230891455160337
326 978 0.0772511952091802 895.1053781509399 3.6275080013349643
333 999 0.07625772063304204 914.1742329597473 3.6315697581149156
339 1017 0.07422821480445241 929.2685601711273 3.6352354301927896
346 1038 0.07717221717034875 946.8448121547699 3.638602647210292
352 1056 0.07574398223793102 963.3025255203247 3.6410252954412825
359 1077 0.07889504924407521 983.3371226787567 3.644135449454357
366 1098 0.07525749140693642 1003.4067833423615 3.646695457829228
372 1116 0.07908666561379686 1018.8880951404572 3.6488988268864206
379 1137 0.07818776404531999 1037.1077797412872 3.6522615876074265
386 1158 0.07725726262648747 1055.1001493930817 3.654797391745974
392 1176 0.07271025952659493 1070.3056514263153 3.6565322821905197
399 1197 0.07556443446643013 1090.0589911937714 3.6585957714309196
406 1218 0.07484969291731217 1110.4421381950378 3.6605869336494505
412 1236 0.07602136627671091 1127.454193353653 3.6622106833748007
419 1257 0.0742683770179728 1145.8631873130798 3.6637591303934736
426 1278 0.08064247229733118 1163.7957470417023 3.666331163749477
432 1296 0.07694578163475164 1179.2989876270294 3.6671079381557976
439 1317 0.07238941339955154 1200.149912595749 3.66839209924915
446 1338 0.07420678840913139 1220.0069258213043 3.670260248592562
452 1356 0.07288656091446347 1235.7458555698395 3.6712396738496307
459 1377 0.07393523183572202 1253.820169210434 3.6725803477208663
466 1398 0.072503714973685 1271.6957638263702 3.6737824717149286
472 1416 0.07265429512053902 1287.6784245967865 3.6746018727121745
479 1437 0.07062817947275074 1305.569072008133 3.675461016075412
486 1458 0.07027642835872366 1322.9798786640167 3.6764729726510468
492 1476 0.07004331156743683 1337.7686581611633 3.6770505003428067
499 1497 0.06951450558753519 1354.9181597232819 3.67769185835397
506 1518 0.07189232832872655 1372.0601851940155 3.6784582442371825
512 1536 0.07091919511910652 1386.78449177742 3.679203567510848
519 1557 0.07205057292159756 1403.864266872406 3.68060016515889
526 1578 0.07150048242931151 1420.9716866016388 3.680555915938782
532 1596 0.06887675201890842 1435.5167708396912 3.680776373338017
539 1617 0.06895231096551765 1452.4585371017456 3.6821536378805217
546 1638 0.07074438218765287 1469.5133917331696 3.682128470291657
552 1656 0.06988479410770868 1484.2352328300476 3.682011125503325
559 1677 0.06824509650170969 1501.2441711425781 3.68248313058487
566 1698 0.06855690385444563 1518.292249917984 3.68258712934527
572 1716 0.06744997560599245 1532.9510374069214 3.6829604235524624
579 1737 0.07026920637835495 1550.094485759735 3.683343996615332
586 1758 0.06797822880156712 1567.0552706718445 3.683142377145908
592 1776 0.06692040914727101 1581.8656556606293 3.6833073300837915
599 1797 0.06564614824509907 1599.01052236557 3.6832288066679495
606 1818 0.06584397196805086 1616.1584763526917 3.683853987258211
612 1836 0.0644842627756163 1630.9214448928833 3.6835779810701856
619 1857 0.06261218311711847 1648.1024284362793 3.6833756106716704
626 1878 0.06428689003360866 1665.211600780487 3.6832174453223816
632 1896 0.06534291789898838 1679.888020515442 3.6829997036093616
639 1917 0.0671766167949044 1696.9953560829163 3.683606687101593
646 1938 0.06547731517630033 1714.103511095047 3.682989891080277
652 1956 0.06593222912961946 1728.8322274684906 3.682719433209115
659 1977 0.06687558490523204 1745.8881623744965 3.6823174100690754
666 1998 0.06395754330895737 1761.8458878993988 3.6823064124568496
