0 0 5.0 1.222053050994873 3.0
10 20 0.7272416047466758 9.751314163208008 4.232286640653537
20 40 0.2675855040419892 18.68624210357666 3.6782065849818752
30 60 0.17963598363674166 27.474464416503906 4.633524328943005
40 80 0.11643822267632395 36.266839265823364 5.351349951787349
50 100 0.08689002017043206 45.07648015022278 5.4207648874088505
60 120 0.07249723776085522 53.81044387817383 5.455394472912003
70 140 0.056265836928884067 62.5012423992157 5.477361784620847
80 160 0.057891407568490705 71.31633734703064 5.4896893345726125
90 180 0.05240079598661619 80.30685234069824 5.495187148901627
100 200 0.04358613871973857 89.52361798286438 5.500319673660668
110 220 0.04622112535771633 99.05934238433838 5.503112460263301
120 240 0.03775317549241077 108.24494862556458 5.5049873228569215
130 260 0.03341759886807598 117.40319538116455 5.506541631658276
140 280 0.03255636698690338 126.5062370300293 5.507844927722016
150 300 0.025034316735601046 135.68342638015747 5.508366683856559
160 320 0.03460928175759555 144.85888242721558 5.509138683062086
170 340 0.025636090617454237 154.0397753715515 5.509611081649297
180 360 0.023054993143890885 163.22822642326355 5.510065028773509
190 380 0.023790284148227557 172.82672715187073 5.510249423435031
200 400 0.0206803780108753 182.07073426246643 5.510595917780674
210 420 0.021131196257295398 191.29100966453552 5.51074839983079
220 440 0.023337372224628155 200.4726836681366 5.510911735119756
230 460 0.017441146514076435 209.66866183280945 5.511084705884012
240 480 0.01987052330210897 218.8859498500824 5.511195113632037
250 500 0.0155958617907674 228.0980670452118 5.5112800797871175
260 520 0.013291816499831046 237.29424357414246 5.5113827606884715
270 540 0.014399156046570447 246.74055457115173 5.5114529628635305
280 560 0.0140586250230322 256.91547656059265 5.511510526749579
290 580 0.01574422930056134 267.80510997772217 5.5115597147044015
300 600 0.015429959344205307 279.0721900463104 5.51161638527291
310 620 0.011666947829486907 290.1620502471924 5.511649619045936
320 640 0.013007209322911457 301.2176878452301 5.5116884169678455
330 660 0.0123635991388458 312.340833902359 5.511721808378679
340 680 0.012234067422418178 323.37236166000366 5.511749818367406
350 700 0.013558925027096637 334.52798795700073 5.511778720928904
360 720 0.011203282303615184 345.438684463501 5.5117960447700645
370 740 0.012905793617128871 356.6157741546631 5.511821839799781
380 760 0.012887867790988983 367.55877590179443 5.511839321324523
390 780 0.009553300927229554 378.4958653450012 5.511850161125939
400 800 0.009766593384735714 389.08335638046265 5.511874575023059
410 820 0.009060700930259827 399.59595799446106 5.511881593754481
420 840 0.009648223003350748 410.18072748184204 5.511896313897416
430 860 0.009616096931822526 420.78359508514404 5.511909283396166
440 880 0.008383773637857103 431.4096300601959 5.511918436944116
450 900 0.008505661464386461 442.02320623397827 5.511926766745993
460 920 0.00947701013417763 452.7708389759064 5.51193564631326
470 940 0.007627498484254876 463.6423490047455 5.511943194430914
480 960 0.009796306418427781 474.3824374675751 5.51195261607576
490 980 0.008434108334986418 485.135183095932 5.511956926768969
500 1000 0.0074810497935251935 495.88538646698 5.511963402298508
510 1020 0.010095801959407718 506.7630560398102 5.511970031185475
520 1040 0.007897331622052747 517.3911390304565 5.511974215155123
530 1060 0.00673607951961365 528.0746672153473 5.511978404319947
540 1080 0.008733681843278229 539.0111720561981 5.511984942927195
550 1100 0.006433112675127721 550.1074175834656 5.511986782053644
560 1120 0.00640679441606844 560.8081922531128 5.51199184525134
570 1140 0.007473953422421688 571.5290901660919 5.5119958074934114
580 1160 0.005021834592709239 582.1918475627899 5.511998268112603
590 1180 0.006562971335280708 592.9945752620697 5.512001360588015
600 1200 0.005605799749691204 603.7629532814026 5.512005088340729
610 1220 0.005007293524476566 614.4512887001038 5.512006894873472
620 1240 0.005888599818174137 625.3749916553497 5.512010180518331
630 1260 0.004931915703605811 636.4068813323975 5.512012469860371
640 1280 0.0054885141220939555 647.4805414676666 5.512014157932841
650 1300 0.006079103713857979 658.1653635501862 5.512016887370357
660 1320 0.005707122635951727 669.1276121139526 5.5120186807703115
670 1340 0.006432870114766447 679.9987907409668 5.512020754385548
680 1360 0.006584747881226484 690.7057204246521 5.512022286218013
690 1380 0.005980866527412429 701.3578803539276 5.512024157461642
700 1400 0.006273709184451956 712.0080564022064 5.512025917339367
710 1420 0.006416067099391373 722.4760468006134 5.51202701634742
720 1440 0.006173651366047895 732.971982717514 5.512028488187735
730 1460 0.006406867885058308 743.7450032234192 5.512030361739967
740 1480 0.006324712588553801 754.5054507255554 5.512031008797015
750 1500 0.005966292656774867 765.1545898914337 5.51203244777162
760 1520 0.006663662058655194 776.5602996349335 5.512033750266564
770 1540 0.0056852153983092705 788.3645992279053 5.512034583577463
780 1560 0.006128939963223412 799.2347633838654 5.5120357131748925
790 1580 0.006225823303715263 810.2214534282684 5.512036668143032
800 1600 0.0052160212656002835 821.6064882278442 5.512037765281745
810 1620 0.006046505649225486 833.0158438682556 5.512038402529467
820 1640 0.005626004484252546 844.4192399978638 5.512039299312686
830 1660 0.005085059888964767 855.1999044418335 5.512040262892932
840 1680 0.005562127633086471 865.8697879314423 5.5120408117036614
850 1700 0.0056789593963025315 876.5688881874084 5.5120416803103085
860 1720 0.004822394539330205 887.2079699039459 5.512042269324985
870 1740 0.005637183923682887 897.7915234565735 5.51204308721886
880 1760 0.005040601652186666 909.2178115844727 5.512043602201218
890 1780 0.004303168926615515 920.6975111961365 5.512044209046608
900 1800 0.0056122198886697575 933.0580031871796 5.512044875849506
910 1820 0.0042387724770309495 945.3172423839569 5.512045303415251
920 1840 0.004557016988766153 957.2589573860168 5.512046003405451
930 1860 0.004658830036215918 969.1460032463074 5.512046311097502
940 1880 0.003802914421089753 981.4201371669769 5.512047057577525
950 1900 0.0039409604984926025 993.2488181591034 5.512047308035659
960 1920 0.004550510013841493 1004.9439179897308 5.512047827247557
970 1940 0.003319003528979422 1016.977105140686 5.512048332842006
980 1960 0.004014113658487165 1029.2373640537262 5.5120485977203115
990 1980 0.0037384242060440353 1041.4594218730927 5.512049100306622
1000 2000 0.0042385433576195555 1053.4248461723328 5.512049362149412
