0 0 2.666666666666667 0.016530990600585938 1.5000000000000002
20 20 9.571903465151323e-15 0.22014546394348145 1.9243633312975486
40 40 9.57190346515137e-15 0.4188504219055176 1.9243633312975126
60 60 9.571903465151416e-15 0.6306862831115723 1.9243633312974764
80 80 9.571903465151465e-15 0.8311774730682373 1.9243633312974406
100 100 9.571903465151513e-15 1.039806604385376 1.9243633312974044
120 120 9.57190346515156e-15 1.239863634109497 1.9243633312973685
140 140 9.571903465151607e-15 1.4525485038757324 1.9243633312973327
160 160 9.571903465151655e-15 1.6475961208343506 1.9243633312972965
180 180 9.571903465151702e-15 1.8424792289733887 1.9243633312972606
200 200 9.57190346515175e-15 2.039827346801758 1.9243633312972244
220 220 9.571903465151797e-15 2.2319819927215576 1.9243633312971886
240 240 9.571903465151844e-15 2.4349493980407715 1.9243633312971524
260 260 9.571903465151891e-15 2.6296980381011963 1.9243633312971165
280 280 9.571903465151939e-15 2.825782299041748 1.9243633312970807
300 300 9.571903465151986e-15 3.021284580230713 1.9243633312970445
320 320 9.571903465152033e-15 3.220895767211914 1.9243633312970085
340 340 9.57190346515208e-15 3.4172897338867188 1.9243633312969723
360 360 9.571903465152128e-15 3.609805107116699 1.9243633312969366
380 380 9.571903465152175e-15 3.802766799926758 1.9243633312969004
400 400 9.571903465152223e-15 3.997244358062744 1.9243633312968644
420 420 9.57190346515227e-15 4.19461727142334 1.9243633312968287
440 440 9.571903465152317e-15 4.388002157211304 1.9243633312967925
460 460 9.571903465152365e-15 4.587069034576416 1.9243633312967563
480 480 9.571903465152412e-15 4.800266981124878 1.9243633312967203
500 500 9.57190346515246e-15 5.0091798305511475 1.9243633312966846
520 520 9.571903465152507e-15 5.220292568206787 1.9243633312966484
540 540 9.571903465152554e-15 5.42286491394043 1.9243633312966124
560 560 9.571903465152601e-15 5.620912075042725 1.9243633312965764
580 580 9.571903465152649e-15 5.830750226974487 1.9243633312965405
600 600 9.571903465152698e-15 6.051254034042358 1.9243633312965043
620 620 9.571903465152743e-15 6.268738031387329 1.9243633312964683
640 640 9.57190346515279e-15 6.478323221206665 1.9243633312964326
660 660 9.571903465152838e-15 6.675462007522583 1.9243633312963964
680 680 9.571903465152885e-15 6.879539251327515 1.9243633312963604
700 700 9.571903465152933e-15 7.099708557128906 1.9243633312963244
720 720 9.571903465152982e-15 7.321293830871582 1.9243633312962884
740 740 9.571903465153029e-15 7.540255069732666 1.9243633312962523
760 760 9.571903465153076e-15 7.760780096054077 1.9243633312962165
780 780 9.571903465153124e-15 7.977502822875977 1.9243633312961805
800 800 9.571903465153171e-15 8.17936086654663 1.9243633312961443
820 820 9.571903465153218e-15 8.376165628433228 1.9243633312961081
840 840 9.571903465153266e-15 8.57250714302063 1.9243633312960724
860 860 9.571903465153313e-15 8.76448941230774 1.9243633312960364
880 880 9.57190346515336e-15 8.970828771591187 1.9243633312960002
900 900 9.571903465153408e-15 9.183281421661377 1.9243633312959645
920 920 9.571903465153456e-15 9.392350912094116 1.9243633312959283
940 940 9.571903465153502e-15 9.616316080093384 1.9243633312958923
960 960 9.571903465153551e-15 9.81980299949646 1.9243633312958561
980 980 9.571903465153598e-15 10.023938417434692 1.9243633312958204
1000 1000 9.571903465153644e-15 10.236000061035156 1.9243633312957844
1020 1020 9.571903465153692e-15 10.44685435295105 1.9243633312957482
1040 1040 9.571903465153739e-15 10.66235613822937 1.9243633312957125
1060 1060 9.571903465153788e-15 10.871054649353027 1.9243633312956763
1080 1080 9.571903465153835e-15 11.068917751312256 1.9243633312956403
1100 1100 9.571903465153882e-15 11.263625621795654 1.924363331295604
1120 1120 9.57190346515393e-15 11.457992315292358 1.9243633312955684
1140 1140 9.571903465153976e-15 11.653580904006958 1.9243633312955324
1160 1160 9.571903465154024e-15 11.852509260177612 1.9243633312954962
1180 1180 9.571903465154072e-15 12.064309120178223 1.9243633312954604
1200 1200 9.571903465154119e-15 12.270144701004028 1.9243633312954243
1220 1220 9.571903465154166e-15 12.465908527374268 1.9243633312953883
1240 1240 9.571903465154214e-15 12.662486553192139 1.924363331295352
1260 1260 9.571903465154261e-15 12.864164590835571 1.9243633312953163
1280 1280 9.571903465154308e-15 13.080354690551758 1.9243633312952801
1300 1300 9.571903465154356e-15 13.292040348052979 1.9243633312952442
1320 1320 9.571903465154403e-15 13.509006977081299 1.9243633312952084
1340 1340 9.57190346515445e-15 13.712032556533813 1.9243633312951722
1360 1360 9.571903465154498e-15 13.91133189201355 1.9243633312951363
1380 1380 9.571903465154545e-15 14.11328411102295 1.9243633312951003
1400 1400 9.571903465154592e-15 14.342612981796265 1.9243633312950643
1420 1420 9.57190346515464e-15 14.562817811965942 1.9243633312950281
1440 1440 9.571903465154687e-15 14.768334150314331 1.9243633312949922
1460 1460 9.571903465154734e-15 14.97617483139038 1.9243633312949564
1480 1480 9.571903465154782e-15 15.177330493927002 1.9243633312949202
1500 1500 9.571903465154829e-15 15.38431453704834 1.9243633312948842
1520 1520 9.571903465154876e-15 15.597152471542358 1.9243633312948483
1540 1540 9.571903465154924e-15 15.817103624343872 1.9243633312948123
1560 1560 9.571903465154971e-15 16.05172038078308 1.924363331294776
1580 1580 9.571903465155018e-15 16.28183078765869 1.9243633312947401
1600 1600 9.571903465155066e-15 16.499743700027466 1.9243633312947042
1620 1620 9.571903465155113e-15 16.71092438697815 1.9243633312946682
1640 1640 9.57190346515516e-15 16.914588928222656 1.924363331294632
1660 1660 9.571903465155208e-15 17.11794352531433 1.9243633312945962
1680 1680 9.571903465155255e-15 17.32215976715088 1.9243633312945603
1700 1700 9.571903465155304e-15 17.528932571411133 1.924363331294524
1720 1720 9.57190346515535e-15 17.727486848831177 1.924363331294488
1740 1740 9.571903465155397e-15 17.93019986152649 1.9243633312944521
1760 1760 9.571903465155444e-15 18.141252517700195 1.9243633312944162
1780 1780 9.571903465155492e-15 18.349947214126587 1.92436333129438
1800 1800 9.571903465155539e-15 18.551562070846558 1.9243633312943442
1820 1820 9.571903465155588e-15 18.74959111213684 1.9243633312943083
1840 1840 9.571903465155635e-15 18.94932460784912 1.924363331294272
1860 1860 9.571903465155683e-15 19.15692973136902 1.924363331294236
1880 1880 9.571903465155728e-15 19.36119031906128 1.9243633312942001
1900 1900 9.571903465155777e-15 19.567638874053955 1.9243633312941641
1920 1920 9.571903465155826e-15 19.77261996269226 1.924363331294128
1940 1940 9.571903465155872e-15 19.976057529449463 1.9243633312940922
1960 1960 9.57190346515592e-15 20.180986404418945 1.924363331294056
1980 1980 9.571903465155967e-15 20.385703086853027 1.92436333129402
2000 2000 9.571903465156014e-15 20.601924896240234 1.9243633312939838
