0 0 2.666666666666667 52.093618392944336 1.5000000000000002
10 20 0.03004517785743253 52.39124584197998 2.7504815609528284
20 40 0.02803599853994351 52.66577696800232 2.779138066780786
30 60 0.027922000254655008 52.951035499572754 2.7785765087609464
40 80 0.013016342448842724 53.23985242843628 2.7781042308429993
50 100 0.0002983505492787002 53.53542947769165 2.7779443934002215
60 120 4.6846726249817874e-06 53.81668710708618 2.777916590252984
70 140 7.308629709378313e-08 54.10792946815491 2.777914065085594
80 160 1.140120912563249e-09 54.39911103248596 2.7779140001742473
90 180 1.7799572611674363e-11 54.68000102043152 2.7779139991598734
100 200 2.920005021690982e-13 54.956602811813354 2.7779139991438897
110 220 1.8892485617711766e-14 55.24078679084778 2.7779139991434483
120 240 1.4632192038857647e-14 55.518062114715576 2.777913999143278
130 260 1.456574523634574e-14 55.80537414550781 2.777913999143109
140 280 1.4564712325065036e-14 56.07629060745239 2.777913999142939
150 300 1.4564697367891607e-14 56.35577416419983 2.7779139991427693
160 320 1.4564697503406983e-14 56.627506732940674 2.7779139991426
170 340 1.4564697623238886e-14 56.88453030586243 2.77791399914243
180 360 1.4564697662677993e-14 57.1641948223114 2.777913999142261
190 380 1.456469767528285e-14 57.44878387451172 2.7779139991420907
200 400 1.4564697679304878e-14 57.72553277015686 2.777913999141922
210 420 1.4564697680587348e-14 58.01438903808594 2.7779139991417523
220 440 1.4564697680995432e-14 58.276328802108765 2.777913999141582
230 460 1.4564697681124433e-14 58.55056190490723 2.777913999141413
240 480 1.4564697681164368e-14 58.83225893974304 2.7779139991412434
250 500 1.456469768117588e-14 59.115095376968384 2.7779139991410733
260 520 1.4564697681178328e-14 59.403175830841064 2.777913999140904
270 540 1.4564697681177886e-14 59.683770179748535 2.7779139991407353
280 560 1.4564697681176498e-14 59.96754550933838 2.7779139991405652
290 580 1.4564697681174816e-14 60.25680065155029 2.7779139991403956
300 600 1.456469768117303e-14 60.53057932853699 2.7779139991402264
310 620 1.4564697681171253e-14 60.80851149559021 2.7779139991400563
320 640 1.456469768116943e-14 61.10394239425659 2.777913999139887
330 660 1.456469768116763e-14 61.3864803314209 2.7779139991397175
340 680 1.4564697681165835e-14 61.67354416847229 2.7779139991395483
350 700 1.4564697681164015e-14 61.964258670806885 2.777913999139378
360 720 1.4564697681162197e-14 62.25763440132141 2.777913999139209
370 740 1.4564697681160408e-14 62.54010510444641 2.7779139991390394
380 760 1.456469768115856e-14 62.82678985595703 2.7779139991388697
390 780 1.4564697681156776e-14 63.11023783683777 2.777913999138699
400 800 1.4564697681154946e-14 63.400821924209595 2.77791399913853
410 820 1.4564697681153128e-14 63.67470145225525 2.7779139991383603
420 840 1.456469768115132e-14 63.935551166534424 2.7779139991381903
430 860 1.456469768114951e-14 64.18975925445557 2.777913999138021
440 880 1.4564697681147698e-14 64.48613572120667 2.7779139991378514
450 900 1.4564697681145877e-14 64.81669211387634 2.777913999137682
460 920 1.4564697681144082e-14 65.10877728462219 2.777913999137512
470 940 1.4564697681142267e-14 65.37301063537598 2.777913999137343
480 960 1.4564697681140462e-14 65.65434694290161 2.7779139991371733
490 980 1.456469768113865e-14 65.93407773971558 2.777913999137004
500 1000 1.456469768113682e-14 66.22319197654724 2.7779139991368345
510 1020 1.456469768113503e-14 66.51738095283508 2.7779139991366653
520 1040 1.4564697681133205e-14 66.78469491004944 2.7779139991364947
530 1060 1.4564697681131378e-14 67.07101440429688 2.7779139991363255
540 1080 1.4564697681129573e-14 67.33207178115845 2.7779139991361563
550 1100 1.456469768112777e-14 67.63633918762207 2.7779139991359862
560 1120 1.4564697681125957e-14 67.92737102508545 2.7779139991358166
570 1140 1.4564697681124155e-14 68.22464156150818 2.7779139991356474
580 1160 1.4564697681122337e-14 68.51334857940674 2.777913999135477
590 1180 1.4564697681120523e-14 68.8033537864685 2.7779139991353077
600 1200 1.456469768111871e-14 69.10288166999817 2.7779139991351385
610 1220 1.4564697681116904e-14 69.39127445220947 2.777913999134969
620 1240 1.4564697681115067e-14 69.68937420845032 2.7779139991348
630 1260 1.4564697681113275e-14 69.96366620063782 2.77791399913463
640 1280 1.456469768111144e-14 70.25109338760376 2.7779139991344604
650 1300 1.4564697681109627e-14 70.53265714645386 2.7779139991342907
660 1320 1.4564697681107816e-14 70.81851768493652 2.7779139991341215
670 1340 1.4564697681106018e-14 71.11020922660828 2.777913999133952
680 1360 1.456469768110421e-14 71.39346385002136 2.7779139991337822
690 1380 1.456469768110239e-14 71.6991240978241 2.777913999133612
700 1400 1.456469768110058e-14 71.99643135070801 2.7779139991334425
710 1420 1.456469768109878e-14 72.26807427406311 2.777913999133273
720 1440 1.4564697681096942e-14 72.5507071018219 2.7779139991331037
730 1460 1.4564697681095166e-14 72.82608580589294 2.7779139991329345
740 1480 1.4564697681093333e-14 73.10824394226074 2.7779139991327644
750 1500 1.4564697681091518e-14 73.40663433074951 2.7779139991325947
760 1520 1.4564697681089716e-14 73.69089269638062 2.777913999132426
770 1540 1.4564697681087902e-14 74.00174260139465 2.777913999132256
780 1560 1.456469768108608e-14 74.28929257392883 2.7779139991320867
790 1580 1.456469768108429e-14 74.56179571151733 2.7779139991319166
800 1600 1.456469768108247e-14 74.84659433364868 2.777913999131747
810 1620 1.4564697681080648e-14 75.13913774490356 2.7779139991315778
820 1640 1.4564697681078855e-14 75.4195966720581 2.7779139991314077
830 1660 1.4564697681077035e-14 75.70061993598938 2.777913999131238
840 1680 1.4564697681075214e-14 75.9938793182373 2.7779139991310693
850 1700 1.456469768107341e-14 76.28861284255981 2.777913999130899
860 1720 1.4564697681071617e-14 76.56241154670715 2.77791399913073
870 1740 1.456469768106977e-14 76.90328860282898 2.77791399913056
880 1760 1.456469768106796e-14 77.4226508140564 2.7779139991303907
890 1780 1.456469768106614e-14 77.70879435539246 2.777913999130221
900 1800 1.4564697681064328e-14 77.99561285972595 2.7779139991300514
910 1820 1.4564697681062532e-14 78.26503944396973 2.777913999129882
920 1840 1.4564697681060727e-14 78.53232526779175 2.777913999129712
930 1860 1.4564697681058875e-14 78.78672909736633 2.777913999129542
940 1880 1.456469768105709e-14 79.04698061943054 2.777913999129373
950 1900 1.456469768105526e-14 79.30791783332825 2.7779139991292032
960 1920 1.4564697681053467e-14 79.56457853317261 2.777913999129034
970 1940 1.4564697681051668e-14 79.83136320114136 2.777913999128864
980 1960 1.4564697681049844e-14 80.08711218833923 2.7779139991286947
990 1980 1.4564697681048024e-14 80.33278107643127 2.777913999128525
1000 2000 1.4564697681046216e-14 80.61110639572144 2.777913999128355
