0 0 0.4345773286121237 2.1682181358337402 1.96688669149217
6 18 0.07795950491840414 2.431952714920044 1.9413756364130448
13 39 0.06609297766037543 2.8134093284606934 1.9440831042657996
19 57 0.033622315630752915 3.072359085083008 1.9440831044778568
26 78 0.01927647302513511 3.4714808464050293 1.9440838158588516
33 99 0.012601794435416125 3.8039865493774414 1.9444040555095887
39 117 0.009292726526960813 4.083373546600342 1.944508893762586
46 138 0.006908627532703446 4.583431005477905 1.944564204418416
53 159 0.005381129151608493 4.914746999740601 1.9446722899541706
59 177 0.004449797329939422 5.182868242263794 1.944808960945254
66 198 0.0036514093723201465 5.492096185684204 1.9449194212133631
73 219 0.0030657302037637403 5.8048975467681885 1.9450083111377297
79 237 0.0026752138882297823 6.054481744766235 1.945095157091666
86 258 0.002309984654134173 6.3465447425842285 1.9452087259869106
93 279 0.002019019513670283 6.651707649230957 1.945321266899111
99 297 0.001815363922224483 6.940619468688965 1.9454101831716943
106 318 0.0016182954087910484 7.2972142696380615 1.9455041559739579
113 339 0.0014543670352800404 7.7085349559783936 1.9456006705345803
119 357 0.0013344392389840899 8.036254405975342 1.9456891064362278
126 378 0.0012139103562739304 8.367237091064453 1.945790690192187
133 399 0.0011106040462873956 8.694762229919434 1.945889906529529
139 417 0.001033321095811694 8.951886415481567 1.9459723032630185
146 438 0.0009539504059797407 9.279216527938843 1.9460627223074982
153 459 0.0008843746862061811 9.587640047073364 1.9461531504847114
159 477 0.0008313750434015617 9.843011856079102 1.9462327493577511
166 498 0.0007761402803100839 10.138312101364136 1.946324188549983
173 519 0.000727007004644191 10.433597087860107 1.9464154471567428
179 537 0.0006890213376970019 10.680312395095825 1.9464929355292886
186 558 0.0006487791035383878 10.968475580215454 1.9465789146263954
193 579 0.0006123645512710182 11.275419473648071 1.9466632876467247
199 597 0.0005838421239874746 11.529613256454468 1.9467356658437027
206 618 0.0005533526150102867 11.820279121398926 1.9468182610029805
213 639 0.0005255687953463005 12.118747234344482 1.9469012162673758
219 657 0.0005036760620887796 12.36355471611023 1.946972795134195
226 678 0.00048010317236056 12.661050796508789 1.9470538292073882
233 699 0.00045841761091106807 12.948163270950317 1.9471336598278053
239 717 0.00044116503981489816 13.194793224334717 1.9472014380930172
246 738 0.00042241967675673577 13.483841896057129 1.9472778809475573
253 759 0.000405031425612526 13.77335500717163 1.947353620926253
259 777 0.00039111041968306723 14.02102255821228 1.9474186631324621
266 798 0.0003759044430934494 14.350136995315552 1.9474929833043038
273 819 0.0003617224272596981 14.65014362335205 1.947567089267607
279 837 0.00035031054474593494 14.91150951385498 1.9476306082414974
286 858 0.0003377817886497708 15.223414421081543 1.9477027517519514
293 879 0.00032603528450814016 15.529959678649902 1.9477739945685837
299 897 0.00031654106787064453 15.780372381210327 1.9478346200999064
306 918 0.0003060764780949775 16.252098083496094 1.9479034085241036
313 939 0.0002962261452270918 16.593122959136963 1.947971538763278
319 957 0.0002882349366393212 16.86976170539856 1.9480298402627017
326 978 0.0002793919517642124 17.21139907836914 1.9480964733278268
333 999 0.00027103130996261127 17.541223764419556 1.9481632022208948
339 1017 0.0002642144418688505 17.838043451309204 1.948219325753328
346 1038 0.0002566441039974786 18.193839073181152 1.9482847788313524
352 1056 0.0002504591852928397 18.457199811935425 1.9483401240543796
359 1077 0.00024357449453436017 18.781715154647827 1.9484034764012645
366 1098 0.0002370247375251783 19.106565237045288 1.9484654945605269
372 1116 0.00023166248343632048 19.389919996261597 1.94851792040901
379 1137 0.0002256841031986855 19.725594520568848 1.9485786583206994
386 1158 0.00021998691655827243 20.05385136604309 1.9486391489880115
392 1176 0.00021531290783979406 20.340274333953857 1.948690661061872
399 1197 0.000210087635071889 20.762370586395264 1.948750099758906
406 1218 0.00020509139932125496 21.1058931350708 1.9488086741793909
412 1236 0.0002009801560055948 21.381827354431152 1.9488583046795065
419 1257 0.00019637358392529647 21.728169441223145 1.948916311281447
426 1278 0.0001919544404491765 22.0931339263916 1.9489725370716187
432 1296 0.00018831049634641754 22.367496967315674 1.9490204818066657
439 1317 0.000184217589151765 22.6761257648468 1.9490759632094508
446 1338 0.00018028449111207344 23.03247356414795 1.949130327868234
452 1356 0.00017703577969387693 23.291990995407104 1.9491768137903875
459 1377 0.0001733786886908888 23.6074321269989 1.949229879953004
466 1398 0.00016986159760595717 23.951998233795166 1.9492833005456565
472 1416 0.00016695055911794226 24.227107048034668 1.9493283869186138
479 1437 0.00016366980195138862 24.53287625312805 1.949380319467809
486 1458 0.0001605087387113549 24.853396892547607 1.9494321065315747
492 1476 0.00015788857912234162 25.119981050491333 1.949475726672447
499 1497 0.00015493304317616187 25.425458192825317 1.949526650715493
506 1518 0.00015207836208404243 25.744810104370117 1.9495762238828316
512 1536 0.00014970972257936078 26.022797346115112 1.9496185071728485
519 1557 0.00014703288134827614 26.387645959854126 1.9496674803390883
526 1578 0.00014444361130319102 26.76320791244507 1.9497155668351827
532 1596 0.00014229176805751278 27.0461163520813 1.949756653621717
539 1617 0.00013985473774622212 27.383644104003906 1.9498036392604439
546 1638 0.00013749567453038818 27.679441452026367 1.949850822018595
552 1656 0.00013553155787103261 27.936469793319702 1.9498906850412114
559 1677 0.00013330515805438958 28.28704071044922 1.949936632229972
566 1698 0.00013114694547404756 28.582882404327393 1.9499824419364526
572 1716 0.00012934834282158551 28.840070009231567 1.9500211060188712
579 1737 0.00012730888696433945 29.156553030014038 1.950066233697809
586 1758 0.0001253298095114492 29.45354175567627 1.9501103123921986
592 1776 0.0001253133731511249 29.730393171310425 1.950147951760602
599 1797 0.00012627326183973334 30.033342599868774 1.9501918612050926
606 1818 0.00012437566367374967 30.331986665725708 1.9502349516137067
612 1836 0.00012277054624758142 30.602665185928345 1.9502716158592377
619 1857 0.00012094598578028181 30.961692333221436 1.950313744519473
626 1878 0.00011917124585219096 31.279934883117676 1.9503550727272185
632 1896 0.00011768888576451877 31.54254174232483 1.9503903119695765
639 1917 0.0001160030031262618 31.863577604293823 1.9504311951165716
646 1938 0.0001143616835195053 32.17976903915405 1.9504715155395764
652 1956 0.00011298932858980505 32.4529242515564 1.9505058378104347
659 1977 0.00011142768661027012 32.783804416656494 1.9505460139838424
666 1998 0.00010990566214378477 33.11433029174805 1.9505854977599129
