0 0 2.666666666666667 0.017647504806518555 1.5000000000000002
20 20 0.009063052185034667 0.2973663806915283 1.7907899182800984
40 40 0.012880168503523307 0.566547155380249 1.5668858548371467
60 60 0.00781371047568619 0.830019474029541 0.9346924191231911
80 80 0.007799721081687935 1.0816013813018799 0.8662934904462015
100 100 0.007900199310883075 1.3258161544799805 0.8191702436785907
120 120 0.007814645383123686 1.5911245346069336 0.7294279636046803
140 140 0.007802941154453263 1.8332865238189697 0.6691833781365464
160 160 0.00777855034392123 2.085198402404785 0.5906734562227643
180 180 0.007633899585637383 2.3502986431121826 0.5316796790386034
200 200 0.007514049444611913 2.6118311882019043 0.5156776290268987
220 220 0.007756944542294626 2.8675076961517334 0.6311846417388133
240 240 0.008322762525748558 3.1432058811187744 1.6276425814300368
260 260 0.008320361750535289 3.401353120803833 1.6061650131307266
280 280 0.008086412933271059 3.651893138885498 1.4857942342987813
300 300 0.0077810219996049534 3.8959028720855713 1.0084217046831874
320 320 0.007467161150365567 4.140174388885498 0.4429319424964739
340 340 0.007323292201570155 4.38083291053772 0.3858081098875102
360 360 0.0073456975485256815 4.633653402328491 0.43035564983972396
380 380 0.007361608071755219 4.868844747543335 0.42385456594990534
400 400 0.007383156800586672 5.133088827133179 0.4187821111123754
420 420 0.007415962168335118 5.396366119384766 0.480751156894817
440 440 0.007409360873449232 5.639009475708008 0.4732779016189899
460 460 0.007359719944923339 5.886214971542358 0.5289076802874481
480 480 0.007277074771377416 6.135032892227173 0.5183533157479566
500 500 0.007302225546803981 6.394858121871948 0.5101489220754692
520 520 0.007438040882533414 6.662919998168945 0.5614544011847854
540 540 0.007537337241082913 6.928005218505859 0.8545842881287217
560 560 0.007565567974352183 7.166869640350342 0.944411621380917
580 580 0.007503850668171974 7.4037933349609375 0.7756352273158267
600 600 0.007422876695021122 7.755051374435425 0.5530430369998179
620 620 0.007318344097972817 8.016602516174316 0.5763994791300336
640 640 0.007274885846165546 8.264529705047607 0.561418694428112
660 660 0.007286311185684138 8.545739889144897 0.5786395264280807
680 680 0.007290693719375743 8.77671504020691 0.5594155105108489
700 700 0.00729912955389337 9.018857479095459 0.5458674708934322
720 720 0.00729756580211999 9.257032871246338 0.6063303774876598
740 740 0.007285554048378183 9.498396635055542 0.6064398312512285
760 760 0.007267406640068948 9.742125988006592 0.6521406900243863
780 780 0.0072479400575798155 9.985682487487793 0.6550942416912999
800 800 0.007317501297345874 10.243792533874512 0.6546117803718917
820 820 0.00739744308120719 10.477893114089966 0.6922749637254808
840 840 0.0074409407898488565 10.700291395187378 0.6905390676267856
860 860 0.007442803067468747 10.924542665481567 0.7179763045771373
880 880 0.007402762624106116 11.148159742355347 0.7146709846310646
900 900 0.007341092142268102 11.36851453781128 0.7136823868213749
920 920 0.007266662861009901 11.587064266204834 0.7315461080167864
940 940 0.0072533635685557325 11.817028999328613 0.7253453739551222
960 960 0.007266903842859353 12.068515300750732 0.7546574707288628
980 980 0.007277794239539187 12.31527829170227 0.7476766575682191
1000 1000 0.007281729016259384 12.557008266448975 0.7429193929172963
1020 1020 0.007278874031044106 12.785582304000854 0.7614268092477887
1040 1040 0.007269396214573528 13.016237258911133 0.7535537562722495
1060 1060 0.0072565219679882505 13.233974933624268 0.766145484719847
1080 1080 0.007242426134006349 13.452105283737183 0.7558701170313836
1100 1100 0.007298506672482198 13.675527334213257 0.7502416069695198
1120 1120 0.007348388569371474 13.900355815887451 0.7511331815227209
1140 1140 0.007374365661933993 14.115444898605347 0.7424803386097133
1160 1160 0.007375209411906615 14.334086894989014 0.7399934864538118
1180 1180 0.007349239838580977 14.564006567001343 0.77573843727397
1200 1200 0.007307964377515001 14.801562309265137 0.8073128248352358
1220 1220 0.007257028712416704 15.045093297958374 0.8513617052187804
1240 1240 0.007249997766865235 15.287779569625854 0.8513616931494798
1260 1260 0.007259714768540568 15.534169435501099 0.8238609987050355
1280 1280 0.007266159767567784 15.763824701309204 0.8238609987050354
1300 1300 0.0072682104119688095 15.985800504684448 0.8238609987050354
1320 1320 0.007266182878628101 16.197896242141724 0.7963603042605909
1340 1340 0.007260076909562243 16.415476083755493 0.7963603042605909
1360 1360 0.007251581269264701 16.647943019866943 0.7688596106660996
1380 1380 0.007244757560586677 16.881281852722168 0.7688596098161466
1400 1400 0.007282987173065051 17.107136249542236 0.7688596098161466
1420 1420 0.0073159688407743746 17.341631174087524 0.741358915371709
1440 1440 0.007332645552789759 17.568135738372803 0.741358915371702
1460 1460 0.007332877613032826 17.78729510307312 0.7138583009603936
1480 1480 0.007315515427049864 18.015888214111328 0.7138582209272575
1500 1500 0.007287708212713231 18.2602858543396 0.7138582209272575
1520 1520 0.0072527983512858055 18.497105836868286 0.6863575264869906
1540 1540 0.007247370852828628 18.732873916625977 0.686357526482813
1560 1560 0.0072542838530947834 18.949133157730103 0.6588577252373894
1580 1580 0.007258828388180666 19.17215132713318 0.6588568320383699
1600 1600 0.007260269684165434 19.397618770599365 0.6588568320383688
1620 1620 0.007258845146664536 19.627429246902466 0.6404166182274443
1640 1640 0.007254567553095469 19.86509084701538 0.6451169598056326
1660 1660 0.007248500452582098 20.08167815208435 0.6464487210936891
1680 1680 0.007243897498627021 20.307018280029297 0.6673457160584647
1700 1700 0.007270341369004859 20.543229818344116 0.6739169208872885
1720 1720 0.00729293957560743 20.763208150863647 0.7004919605620841
1740 1740 0.007304418471186142 21.00374746322632 0.7080423637123543
1760 1760 0.007304854810377709 21.243284225463867 0.7200075789480437
1780 1780 0.0072934356820488835 21.48720693588257 0.7274236998029323
1800 1800 0.0072746275597489465 21.729289293289185 0.729059085432783
1820 1820 0.007250534271814428 21.97338843345642 0.7341565685892372
1840 1840 0.007245441639512003 22.213078022003174 0.733830872442564
1860 1860 0.007250344242017224 22.450767517089844 0.7314478696491254
1880 1880 0.007253621642230767 22.678419828414917 0.7267479486416927
1900 1900 0.007254717461133767 22.912686586380005 0.7239494988041353
1920 1920 0.007253797697964078 23.144073724746704 0.7107671895939154
1940 1940 0.0072508301805287645 23.373398303985596 0.7038516193681913
1960 1960 0.007246588105697263 23.60700821876526 0.6898024829396473
1980 1980 0.007242806781633276 23.84498929977417 0.6755511199146731
2000 2000 0.007261230225381374 24.083921909332275 0.6692832069147634
