0 0 5.0 1.6040232181549072 3.0
20 20 1.4518037236930357 15.189893245697021 1.4212064832814368
40 40 1.377311986111338 29.368735790252686 0.9744681072968608
60 60 1.369602008010979 44.00471234321594 0.6204980957075416
80 80 1.2450760471898992 59.33018183708191 0.5581096839489392
100 100 1.1065000461021945 73.85073971748352 0.5100223923807371
120 120 1.0993038477042014 88.40822219848633 0.8412711396901748
140 140 1.1020373639450192 103.05835175514221 0.51002399467526
160 160 0.9762119419647965 117.9232816696167 0.46527781656748823
180 180 0.9995879123541105 132.53689336776733 0.46527693719699154
200 200 0.9090714100360177 147.45140600204468 0.42380142088651884
220 220 0.9128742489403184 161.86368465423584 0.42380174279016636
240 240 0.9012358902491842 175.7991931438446 0.42380137065633816
260 260 0.8247479654302692 190.08471822738647 0.38550277142486894
280 280 0.7372814993280663 204.53167915344238 0.5394877046967056
300 300 0.7328170982047468 219.0299756526947 0.3502508510880447
320 320 0.6487062878744088 233.42455625534058 0.43549754535072577
340 340 0.6041719197146616 247.79818415641785 0.2882573311065965
360 360 0.6075094150119392 262.15702295303345 0.2882575118803512
380 380 0.5619629392463197 276.6164026260376 1.109221759812096
400 400 0.5638278167311017 291.07004380226135 0.6558981490069261
420 420 0.5518494425062574 305.6792643070221 0.35658640605294606
440 440 0.5222707477601832 320.2688250541687 0.2746131955339208
460 460 0.5058505496935595 334.5203619003296 0.46526299398072274
480 480 0.5135315439749369 348.8607933521271 0.7218323243051057
500 500 0.48288700181816524 362.9145758152008 0.30066373783412015
520 520 0.4331123532638804 375.93215346336365 0.547908063352985
540 540 0.4311342286154631 388.91863346099854 0.26046511414263246
560 560 0.4391398233156544 401.91968035697937 0.2528728986026752
580 580 0.41822426833873527 414.91031193733215 0.24447969244367487
600 600 0.42735157799832385 427.87874484062195 0.24376913112830756
620 620 0.39127012069622613 440.785441160202 0.23553786786554312
640 640 0.38239983591744087 453.7172598838806 0.2271680151539981
660 660 0.39206999011638255 466.66427731513977 0.22648809855584895
680 680 0.35613896393773037 479.5704162120819 0.21877764054948115
700 700 0.3484174698870312 492.4240896701813 0.8177513940949286
720 720 0.3573268753180029 505.3559432029724 0.2105716744357268
740 740 0.3116145023213525 518.2354347705841 0.210018091143308
760 760 0.34395097970101485 531.1170077323914 0.343396667805778
780 780 0.33102799782446324 543.9670288562775 0.1963831703436283
800 800 0.3219699536335686 556.8876323699951 0.18886842968300382
820 820 0.2919588600515374 569.9094581604004 0.1826153261308637
840 840 0.2783746316527279 582.9865415096283 0.18261423245624203
860 860 0.28832668872277634 596.3584609031677 0.17619705374197295
880 880 0.2636354187520865 609.4317209720612 0.20489650371766627
900 900 0.2600491717278662 622.4760684967041 0.17089955032381526
920 920 0.2546031191885372 635.5420808792114 0.16550404028791224
940 940 0.25283606129800723 648.4822001457214 0.1600236340946586
960 960 0.2493956071531241 661.5550584793091 0.1600148361022994
980 980 0.22825825112450554 674.6323475837708 0.1555113280267988
1000 1000 0.23463903893623486 687.7860321998596 0.1509574654124993
1020 1020 0.23116525116584186 701.0594735145569 0.2589816116399156
1040 1040 0.22668310357205956 714.5410041809082 0.14633587701717954
1060 1060 0.20980952918007253 727.9127163887024 0.1425633673888395
1080 1080 0.2052652835175911 740.8500306606293 0.14256419923008345
1100 1100 0.1992904461478962 754.01305103302 0.13875901401840066
1120 1120 0.18519278365502817 766.9229996204376 0.13565514046720423
1140 1140 0.1855570449532486 779.883752822876 0.13565619182441657
1160 1160 0.18319456585286573 792.7928612232208 0.13253259833658382
1180 1180 0.17101993652151576 805.7053542137146 0.12998850731530504
1200 1200 0.16882699707998755 818.5574882030487 0.12998965955055164
1220 1220 0.16661634445623832 831.4717593193054 0.127433726128236
1240 1240 0.1554865487436184 844.3641352653503 0.12535419155430647
1260 1260 0.14972693443179338 857.3067843914032 0.1253553697564569
1280 1280 0.14962158450079682 870.1759493350983 0.12326881950240044
1300 1300 0.1372433019909474 883.0698673725128 0.1215724654284135
1320 1320 0.13439488985215367 896.0006906986237 0.12157362357593277
1340 1340 0.13381411164925489 908.8794150352478 0.11987322606745002
1360 1360 0.12062319343487836 921.7106702327728 0.11849155400996271
1380 1380 0.11885615972577712 934.4915437698364 0.11849266486938217
1400 1400 0.12221861845855488 947.3213911056519 0.11710878281762405
1420 1420 0.1097696663245864 960.2343740463257 0.11598471745908759
1440 1440 0.10943642430807998 973.2902128696442 0.11598576589813016
1460 1460 0.10838673813216795 986.1530086994171 0.11486061870586901
1480 1480 0.1000593045246854 999.0394110679626 0.11394693889036069
1500 1500 0.09954097831280047 1011.9449410438538 0.11394791750963461
1520 1520 0.09773827092645782 1024.8524143695831 0.11303384433648189
1540 1540 0.09213538062302734 1037.73641371727 0.11229167947794998
1560 1560 0.08978300613856804 1050.5832786560059 0.11229258577256482
1580 1580 0.09164930725940298 1063.3793704509735 0.1115504406895626
1600 1600 0.08394113987647442 1076.2128863334656 0.11094791255734632
1620 1620 0.08308020124615217 1089.0360140800476 0.11094874707495382
1640 1640 0.0829731373338348 1101.893831729889 0.11034647907068583
1660 1660 0.07639293860030169 1114.7342352867126 0.10985751602225453
1680 1680 0.07638398391566409 1127.5859785079956 0.10985828116707161
1700 1700 0.0757948044520266 1140.394104719162 0.10936971028071765
1720 1720 0.07694963986503352 1153.2639780044556 0.10888112996357026
1740 1740 0.07485435838419655 1166.1186082363129 0.10888076714678384
1760 1760 0.07631479836648161 1178.9778554439545 0.10839145480972935
1780 1780 0.07546278262082018 1191.8620471954346 0.10790213474885368
1800 1800 0.07627016213062632 1204.6567814350128 0.10790177409663872
1820 1820 0.07527727325860464 1217.392436504364 0.10741172803221648
1840 1840 0.0711501650910638 1230.2744040489197 0.10701386968922473
1860 1860 0.07198001952537382 1243.2016386985779 0.1070145610487072
1880 1880 0.07097070410870798 1256.0341157913208 0.10661715647552573
1900 1900 0.07039783532718019 1268.9168751239777 0.10621979848988343
1920 1920 0.06981094680443214 1281.8222305774689 0.10621951443383165
1940 1940 0.06937886688886938 1294.3987617492676 0.10582163678082122
1960 1960 0.0651151811942898 1306.6493639945984 0.10549858037613151
1980 1980 0.06419710728595668 1318.731815814972 0.10549920759697265
2000 2000 0.06426453551119513 1330.7427575588226 0.10517662497917121
