0 0 2.666666666666667 0.01595330238342285 1.5000000000000002
10 20 0.07326626447369236 0.2992737293243408 2.5935138905858066
20 40 0.010279803514039846 0.592531681060791 2.429742077857164
30 60 0.009861172257808061 0.8738081455230713 2.1330405483716923
40 80 0.009888717318005887 1.163344144821167 1.2296102728281233
50 100 0.009533126486944564 1.4505653381347656 0.9188619050051926
60 120 0.009910577729165187 1.7504732608795166 1.0873484599537286
70 140 0.009591167404966374 2.0345847606658936 0.9182772790322172
80 160 0.009474691835319656 2.313760280609131 0.559993615337626
90 180 0.009398443727938997 2.5884926319122314 0.5161455621830944
100 200 0.009350812599038433 2.8899600505828857 0.5180083360487057
110 220 0.009305243132453183 3.1646525859832764 0.5003919218799071
120 240 0.009425615525147 3.463106870651245 0.5006797274663746
130 260 0.009382197470283321 3.7729642391204834 0.42904990431417594
140 280 0.009401843518595715 4.063038110733032 0.3852774435731624
150 300 0.009414671130023405 4.3312602043151855 0.3411914173754721
160 320 0.009439581750530824 4.603194236755371 0.29925043617816766
170 340 0.009427514078539694 4.873820543289185 0.2609212911989316
180 360 0.009444921677361887 5.156596422195435 0.24665510088651552
190 380 0.009458545557703806 5.431993722915649 0.2423715657392618
200 400 0.009458208919039486 5.707056283950806 0.23836453951866274
210 420 0.009463656996722629 5.9875969886779785 0.23461682590210284
220 440 0.009472982252391106 6.259054899215698 0.23885336224363346
230 460 0.00947654524207994 6.536454200744629 0.2671692594724513
240 480 0.009478594882188269 6.814851760864258 0.28904451255336017
250 500 0.009485161174633931 7.081057548522949 0.30438875324804066
260 520 0.009488274771739507 7.347991228103638 0.31343987816042673
270 540 0.009489548856639196 7.630382776260376 0.31669781665868585
280 560 0.009493106508366269 7.9007391929626465 0.314845955492673
290 580 0.009496163553064284 8.161911010742188 0.3086725513833731
300 600 0.009497517395783035 8.425687789916992 0.2990012032819617
310 620 0.009499542556973651 8.687246084213257 0.2866356060867343
320 640 0.009501540286474935 8.966362714767456 0.27232032750141183
330 660 0.009502618661197492 9.237002849578857 0.25671677439139606
340 680 0.00950392629494269 9.503456115722656 0.24039196370056992
350 700 0.009505422191401092 9.779216051101685 0.22381705394703796
360 720 0.009506412389550347 10.047770738601685 0.2073725832185441
370 740 0.009507196698022902 10.325099229812622 0.19916704310165004
380 760 0.009508074111810101 10.595002889633179 0.19798107573363302
390 780 0.009508827085315152 10.869309902191162 0.1968730997779894
400 800 0.009509458490676383 11.13522219657898 0.19583800013165067
410 820 0.009510104332993515 11.403605699539185 0.19487099467061553
420 840 0.00951065519340602 11.665829420089722 0.19396761306490062
430 860 0.009511062000575686 11.94456672668457 0.19312367683781287
440 880 0.00951146405442287 12.215993642807007 0.1923352806182985
450 900 0.00951187653133954 12.495151042938232 0.19159877452247376
460 920 0.009512223986575348 12.7689049243927 0.19091074762098245
470 940 0.009512524931368012 13.037513017654419 0.19026801243028424
480 960 0.009512797077180519 13.30811071395874 0.18966759038174733
490 980 0.00951302545607522 13.566903591156006 0.18910669821263584
500 1000 0.00951323673204977 13.829382181167603 0.1885827352303094
510 1020 0.009513447845645506 14.088912963867188 0.19018531012644044
520 1040 0.00951363405081477 14.363976955413818 0.19133947510963414
530 1060 0.009513787373119696 14.640889406204224 0.19094192765995427
540 1080 0.009513922986107062 14.910950422286987 0.18917956163619973
550 1100 0.009514048153268787 15.191182374954224 0.18643717581410807
560 1120 0.009514164289656422 15.469610929489136 0.18608898956584635
570 1140 0.009514272295115655 15.739511966705322 0.18576373031794677
580 1160 0.009514367542364458 16.03297185897827 0.18545988814048472
590 1180 0.009514447268992959 16.325008153915405 0.18517605248661997
600 1200 0.00951451759695186 16.614587783813477 0.18491090568157184
610 1220 0.009514584395883336 16.895153045654297 0.18466321683232548
620 1240 0.009514646751591162 17.194621562957764 0.18443183613101008
630 1260 0.009514702190164724 17.474976062774658 0.1842156895268988
640 1280 0.009514750170115353 17.749085187911987 0.18401377374376837
650 1300 0.009514791677215622 18.035892724990845 0.18382515162094584
660 1320 0.009514829252261783 18.315251111984253 0.18364894775778365
670 1340 0.009514864832754245 18.59144902229309 0.1834843444425643
680 1360 0.009514897673516102 18.860307931900024 0.18333057784796405
690 1380 0.009514926347509877 19.133657932281494 0.18318693447625667
700 1400 0.009514951055924743 19.424875259399414 0.18305274783838102
710 1420 0.009514973111208063 19.701908111572266 0.18292739535191568
720 1440 0.009514993598090164 19.998175144195557 0.18281029544384308
730 1460 0.00951501274139903 20.291374921798706 0.182700904844811
740 1480 0.009515030028207262 20.73334813117981 0.18259871606237504
750 1500 0.009515045046518091 21.146248817443848 0.1825032550214558
760 1520 0.009515058158845438 21.44164204597473 0.18241407886097027
770 1540 0.009515070125927776 21.72710108757019 0.18233077387627475
780 1560 0.00951508132366722 22.019553661346436 0.182252953597728
790 1580 0.009515091598001253 22.29607057571411 0.18218025699629647
800 1600 0.009515100688364383 22.58147382736206 0.18211234680773347
810 1620 0.00951510860442819 22.872350454330444 0.1820489079674145
820 1640 0.009515115656225228 23.24922275543213 0.1819896461484507
830 1660 0.009515122172579759 23.533947229385376 0.18193428639619832
840 1680 0.009515128226227198 23.79456067085266 0.18188257185275408
850 1700 0.009515133684815802 24.07519817352295 0.18183426256546284
860 1720 0.009515138471279183 24.356349229812622 0.18178913437387553
870 1740 0.009515142690366012 24.631430864334106 0.18174697786997523
880 1760 0.009515146529564627 25.034194707870483 0.1817075974268458
890 1780 0.009515150099018169 25.35230040550232 0.18167081029128163
900 1800 0.009515153379726301 25.683034896850586 0.1816364457361457
910 1820 0.00951515630956511 25.99862051010132 0.18160434426855987
920 1840 0.009515158894067222 26.33109998703003 0.18157435689027457
930 1860 0.009515161218458537 26.661091327667236 0.18154634440680067
940 1880 0.00951516336825779 26.96518111228943 0.1815201767821114
950 1900 0.00951516536507152 27.281209468841553 0.18149573253592563
960 1920 0.009515167181324878 27.581618785858154 0.18147289818077417
970 1940 0.00951516879911908 27.8949613571167 0.1814515676962316
980 1960 0.009515170243529766 28.19065237045288 0.1814316420378592
990 1980 0.00951517156255144 28.480350732803345 0.18141302867855974
1000 2000 0.00951517278560153 28.771841287612915 0.18139564118019594
