0 0 2.666666666666667 0.01625514030456543 1.5000000000000002
10 20 0.03483922956702118 0.17804408073425293 1.4995052770424626
20 40 0.0053242676414768896 0.3255043029785156 1.499924478889291
30 60 0.0016924587328123633 0.4791452884674072 1.4999759968803494
40 80 0.0007400466043010761 0.6324489116668701 1.4999895046571223
50 100 0.0003872215912048098 0.7800886631011963 1.4999945083464923
60 120 0.00022737550349391576 0.9331569671630859 1.4999967751059484
70 140 0.00014469163598327005 1.0826137065887451 1.4999979475009126
80 160 9.769758625823041e-05 1.22798752784729 1.499998613687409
90 180 6.903828594331224e-05 1.3717222213745117 1.4999990197834898
100 200 5.057696051095308e-05 1.517381191253662 1.4999992811736678
110 220 3.8152626875868214e-05 1.6571037769317627 1.4999994568585435
120 240 2.948620191747682e-05 1.8007311820983887 1.4999995791501606
130 260 2.3257837641237054e-05 1.944873571395874 1.4999996667570297
140 280 1.8667081228369306e-05 2.0971298217773438 1.4999997310218036
150 300 1.5209227149941227e-05 2.2494404315948486 1.4999997790929789
160 320 1.255529429537789e-05 2.3960330486297607 1.4999998156270051
170 340 1.0484594359214382e-05 2.541083574295044 1.4999998437445714
180 360 8.845323522875523e-06 2.6868531703948975 1.4999998655894853
190 380 7.530727625371421e-06 2.8318543434143066 1.4999998826666792
200 400 6.4642454304749734e-06 2.9736928939819336 1.499999896052905
210 420 5.5899976662643264e-06 3.122523784637451 1.4999999065316125
220 440 4.866551637349282e-06 3.2794549465179443 1.4999999146813805
230 460 4.26274500845179e-06 3.4321205615997314 1.4999999209351353
240 480 3.7548342538260592e-06 3.584235906600952 1.4999999256205965
250 500 3.3245132116720934e-06 3.733762741088867 1.4999999289883719
260 520 2.957514094997512e-06 3.8819639682769775 1.4999999312317989
270 540 2.642605205924497e-06 4.027846336364746 1.4999999325011601
280 560 2.3708631566505156e-06 4.17855978012085 1.4999999329140021
290 580 2.135137831913635e-06 4.330294847488403 1.4999999325627253
300 600 1.9296545169147487e-06 4.479942321777344 1.4999999315202217
310 620 1.7497148652535733e-06 4.631830453872681 1.4999999298441222
320 640 1.5914699193292482e-06 4.785677671432495 1.4999999275800098
330 660 1.4517462258423038e-06 4.9389402866363525 1.4999999247638889
340 680 1.327911472415667e-06 5.093368291854858 1.4999999214240893
350 700 1.217769820566385e-06 5.250565767288208 1.499999917582752
360 720 1.1194797505580842e-06 5.399549722671509 1.4999999132569921
370 740 1.0314891142389074e-06 5.5486695766448975 1.4999999084598203
380 760 9.524834449363111e-07 5.696203708648682 1.4999999032008797
390 780 8.813445560138439e-07 5.840268135070801 1.4999998974870261
400 800 8.17117180547984e-07 5.987961530685425 1.4999998913228079
410 820 7.589819367369331e-07 6.1405956745147705 1.4999998847108442
420 840 7.062333011223038e-07 6.291304588317871 1.4999998776521408
430 860 6.582615697035079e-07 6.436089515686035 1.4999998701463435
440 880 6.145380126937769e-07 6.587154150009155 1.4999998621919515
450 900 5.746026007466282e-07 6.73483681678772 1.4999998537864878
460 920 5.380538120818111e-07 6.878145694732666 1.4999998449266465
470 940 5.045401320118058e-07 7.021246910095215 1.4999998356084148
480 960 4.7375293508203564e-07 7.161039590835571 1.499999825827167
490 980 4.454205019289331e-07 7.306203842163086 1.4999998155777572
500 1000 4.19302971390617e-07 7.452809572219849 1.499999804854587
510 1020 3.9518806643152713e-07 7.594465255737305 1.499999793651667
520 1040 3.7288746310354195e-07 7.739102125167847 1.4999997819626676
530 1060 3.5223369561789776e-07 7.8780694007873535 1.4999997697809648
540 1080 3.330775100964818e-07 8.018529891967773 1.4999997570996744
550 1100 3.152855952324823e-07 8.158607244491577 1.4999997439116866
560 1120 2.987386303792744e-07 8.301682710647583 1.4999997302096948
570 1140 2.833296020929294e-07 8.450324535369873 1.4999997159862146
580 1160 2.689623482694744e-07 8.601527452468872 1.4999997012336113
590 1180 2.555502957642135e-07 8.755736589431763 1.4999996859441123
600 1200 2.4301536316984914e-07 8.903721570968628 1.4999996701098257
610 1220 2.312870047217784e-07 9.048592805862427 1.4999996537227502
620 1240 2.2030137527133673e-07 9.198050260543823 1.499999636774793
630 1260 2.100005994067969e-07 9.342606544494629 1.4999996192577745
640 1280 2.0033213021451773e-07 9.491713762283325 1.4999996011634391
650 1300 1.912481856136745e-07 9.635118961334229 1.4999995824834662
660 1320 1.8270525181761656e-07 9.779932737350464 1.499999563209471
670 1340 1.7466364501687448e-07 9.92109990119934 1.499999543333017
680 1360 1.6708712382044378e-07 10.072533130645752 1.4999995228456182
690 1380 1.5994254583277252e-07 10.21628475189209 1.4999995017387455
700 1400 1.5319956283883207e-07 10.366923093795776 1.499999480003828
710 1420 1.46830349808034e-07 10.51307725906372 1.4999994576322615
720 1440 1.4080936348352078e-07 10.666635751724243 1.499999434615407
730 1460 1.3511312703675645e-07 10.822077751159668 1.4999994109445993
740 1480 1.2972003764042904e-07 10.970927000045776 1.4999993866111434
750 1500 1.2461019423496277e-07 11.121392488479614 1.4999993616063216
760 1520 1.1976524315873688e-07 11.267197132110596 1.4999993359213948
770 1540 1.1516823959068532e-07 11.41418981552124 1.4999993095476039
780 1560 1.1080352296441049e-07 11.56833529472351 1.4999992824761696
790 1580 1.0665660483384871e-07 11.720667362213135 1.4999992546982985
800 1600 1.0271406780443397e-07 11.87227725982666 1.499999226205181
810 1620 9.89634742581378e-08 12.019368171691895 1.499999196987993
820 1640 9.539328391176496e-08 12.173583030700684 1.499999167037899
830 1660 9.19927791812513e-08 12.332929372787476 1.4999991363460494
840 1680 8.875199755009816e-08 12.484287023544312 1.4999991049035888
850 1700 8.566167024538522e-08 12.635550022125244 1.4999990727016455
860 1720 8.271316651850884e-08 12.782373189926147 1.4999990397313439
870 1740 7.989844298410528e-08 12.927345275878906 1.499999005983797
880 1760 7.720999751411222e-08 13.073947191238403 1.499998971450112
890 1780 7.464082722374536e-08 13.218439817428589 1.4999989361213888
900 1800 7.218439011692638e-08 13.364759683609009 1.4999988999887186
910 1820 6.983457010542763e-08 13.509707927703857 1.4999988630431902
920 1840 6.758564499560786e-08 13.655609130859375 1.499998825275884
930 1860 6.543225720292042e-08 13.80046534538269 1.4999987866778763
940 1880 6.336938694439531e-08 13.94614315032959 1.4999987472402376
950 1900 6.139232764336751e-08 14.088303327560425 1.4999987069540366
960 1920 5.949666336017474e-08 14.233182191848755 1.4999986658103337
970 1940 5.767824807462823e-08 14.373350381851196 1.4999986238001897
980 1960 5.593318663515826e-08 14.514817237854004 1.4999985809146603
990 1980 5.425781720961206e-08 14.656807661056519 1.4999985371447964
1000 2000 5.2648695162671926e-08 14.800522089004517 1.4999984924816463
