0 0 2.666666666666667 0.01876068115234375 1.5000000000000002
10 20 0.041591821691243126 0.25410008430480957 0.871123123036159
20 40 0.013183722987009015 0.4656548500061035 1.3537457556507282
30 60 0.009547990020750081 0.6759490966796875 1.3124407259996216
40 80 0.008486617885495484 0.8777890205383301 1.2747315065931497
50 100 0.007928517064776269 1.0974433422088623 1.168041263435922
60 120 0.007976949658147381 1.2980647087097168 0.8710195544212737
70 140 0.007975111749737456 1.4980876445770264 0.9078601313064908
80 160 0.007775361061247328 1.697493314743042 1.167838328375723
90 180 0.007763210594897482 1.9023654460906982 1.344225602302675
100 200 0.0078828598429295 2.113872528076172 1.4639373393279325
110 220 0.00781215953314389 2.3144049644470215 1.5455060140643107
120 240 0.007814783313289443 2.550910472869873 1.6012252501778197
130 260 0.007820771692297068 2.767995834350586 1.6391925005523895
140 280 0.007809259658082919 2.9525442123413086 1.6647772046289075
150 300 0.007816232272133915 3.1396915912628174 1.6815863872592893
160 320 0.007831071284712835 3.3444626331329346 1.692081179656484
170 340 0.007845477700745913 3.541959524154663 1.697968444254161
180 360 0.00781448989797965 3.7276275157928467 1.7004511022002662
190 380 0.007791889424652058 3.932309627532959 1.700390026487729
200 400 0.007815655746593462 4.130038499832153 1.6984102388541222
210 420 0.007819391241923934 4.329577684402466 1.694971633764771
220 440 0.007808937184864894 4.556097745895386 1.6904168015188525
230 460 0.007783978911837937 4.745483875274658 1.6850038509126466
240 480 0.007805195213404366 4.9425108432769775 1.6789292610612971
250 500 0.007821490993217252 5.139374732971191 1.6723440092001325
260 520 0.007821346703256606 5.358154296875 1.6653651002812517
270 540 0.007807274693023536 5.5407395362854 1.6572897014648684
280 560 0.007786010733800303 5.766339302062988 1.6348488452384602
290 580 0.007787692695777235 5.953877210617065 1.5842093851395112
300 600 0.0077635000778664915 6.152304172515869 1.5050529498036418
310 620 0.007726747007900713 6.380116939544678 1.4031281150031718
320 640 0.007682832102867245 6.567549228668213 1.2847627169756604
330 660 0.007641990135978128 6.79790997505188 1.1550835591253206
340 680 0.007608787267294317 6.990036725997925 1.0179446187407784
350 700 0.007564999469152751 7.194360971450806 0.8763904144399786
360 720 0.007517159064329966 7.37618088722229 0.7332613382229228
370 740 0.0074641122772417575 7.560002565383911 0.5918006149691895
380 760 0.007416355722718409 7.772022247314453 0.45607042758805943
390 780 0.007371003799499993 7.983469009399414 0.3308576079268948
400 800 0.007337406244603696 8.184303522109985 0.2955787298144041
410 820 0.007297362929406125 8.37377142906189 0.33939260203901994
420 840 0.00728543929992111 8.55357551574707 0.3781672147950815
430 860 0.007260644292000296 8.795949220657349 0.41247943144426663
440 880 0.00726778125721476 8.998220205307007 0.4428351149503953
450 900 0.00726655316699549 9.220539808273315 0.4696781333176257
460 920 0.0072739972955827 9.433354616165161 0.49339828781154127
470 940 0.007267218004452624 9.637343645095825 0.5143382519174732
480 960 0.007279998889445929 9.831343412399292 0.5327996203113717
490 980 0.007300550915670619 10.03728437423706 0.549048168149704
500 1000 0.007330335102479364 10.241346836090088 0.5632976879944109
510 1020 0.00735656148637471 10.441757678985596 0.5754801772944123
520 1040 0.007372895397880566 10.642570972442627 0.5853882274762816
530 1060 0.007386861088246537 10.869346380233765 0.5928801820720765
540 1080 0.0074011322159237124 11.083762407302856 0.5978812489575961
550 1100 0.007408426396037138 11.285553216934204 0.6003778707795527
560 1120 0.007405075411147682 11.473694562911987 0.6004100179512242
570 1140 0.0073805251875273484 11.687839031219482 0.5980622182788118
580 1160 0.0073666466768639895 11.90717601776123 0.5934541237515802
590 1180 0.007351657556234308 12.114915370941162 0.5867312973253217
600 1200 0.007340771006767353 12.304616928100586 0.5780567291480498
610 1220 0.007317280050218393 12.506429433822632 0.5676034061446598
620 1240 0.007284793548581007 12.717047452926636 0.5555480918855875
630 1260 0.007271199095851057 12.941535472869873 0.5420663415638144
640 1280 0.00725758387083361 13.139519691467285 0.5273286842409646
650 1300 0.007272613192513947 13.346137523651123 0.5114978481130218
660 1320 0.007263338908855804 13.586357116699219 0.4947268773435668
670 1340 0.007258826515065215 13.787750244140625 0.47715798295576245
680 1360 0.007260882587600767 14.00621771812439 0.45892197798276574
690 1380 0.007266867997852764 14.194622278213501 0.4401381626175183
700 1400 0.007269947907751976 14.414520978927612 0.4209145441523853
710 1420 0.007254621298592337 14.644444942474365 0.4013482961709014
720 1440 0.007254381442665713 14.862435340881348 0.3815263800017162
730 1460 0.007250329035626919 15.065388202667236 0.36152626794923143
740 1480 0.0072764512044916855 15.256490230560303 0.3414167219127799
750 1500 0.007296603068938278 15.46186113357544 0.32125859267883167
760 1520 0.00730585350548521 15.680991649627686 0.3011056145958825
770 1540 0.007315982371389734 15.874638319015503 0.2810051777904938
780 1560 0.007320160644250518 16.076016664505005 0.2609990658563534
790 1580 0.007337012004963748 16.290469646453857 0.24112415133986437
800 1600 0.007331959842703212 16.496731996536255 0.2352168594073495
810 1620 0.007323305824404533 16.702446699142456 0.224154946428367
820 1640 0.007315809637579744 16.89729380607605 0.2040885051438658
830 1660 0.007307130565129828 17.081797122955322 0.17635504496740928
840 1680 0.007307257300081317 17.275302171707153 0.16107272335846967
850 1700 0.007290217795090875 17.503348112106323 0.15594119961174144
860 1720 0.007274691582067733 17.708019733428955 0.14903507927182094
870 1740 0.007255127477865447 17.934316635131836 0.14158757882904577
880 1760 0.00724956046704718 18.15290594100952 0.1418078832703152
890 1780 0.007260632527835624 18.36803150177002 0.14141148665477735
900 1800 0.0072581798686521684 18.591184616088867 0.14042599046582016
910 1820 0.007257999459364029 18.797348022460938 0.1388783490913944
920 1840 0.007256133407510741 19.00298547744751 0.13679483254493563
930 1860 0.0072583729589940586 19.207767486572266 0.13420100257754988
940 1880 0.007266095260452386 19.438498497009277 0.1311217016527206
950 1900 0.007264412200174852 19.64480972290039 0.12758105450005428
960 1920 0.007259484247753647 19.851826429367065 0.12360248217620813
970 1940 0.007251923654694278 20.054879426956177 0.11920872873449706
980 1960 0.007248559478754825 20.246419429779053 0.11442190073433156
990 1980 0.007265020741643393 20.455071210861206 0.10926351990164476
1000 2000 0.007279497782618273 20.66340184211731 0.10375458927538744
