0 0 5.0 923.603949546814 3.0
10 20 1.6094158650067483 937.2919421195984 1.6003247353089138
20 40 1.128405331697884 950.9134714603424 3.9309049803413068
30 60 0.7725695019119652 965.0864160060883 6.481335807907084
40 80 1.0224809765682727 979.7901864051819 5.1282428943161555
50 100 0.7648360693413542 994.2146453857422 3.912496550372848
60 120 0.7149195242174768 1008.2046129703522 3.767649984274886
70 140 0.6949745232843243 1023.2083647251129 6.811394153027366
80 160 0.5964488226125826 1038.0068225860596 6.9625606403455516
90 180 0.5625629464010269 1052.7075147628784 5.3042786096299395
100 200 0.6125885528806441 1067.6169369220734 6.418903931763584
110 220 0.4765311094767422 1081.635267496109 3.9080312016580447
120 240 0.4612222858556204 1095.548353433609 3.52521286653594
130 260 0.5398226879875198 1109.9834825992584 4.803541956511728
140 280 0.48844087179433715 1123.8593831062317 5.911955605035411
150 300 0.47395280299450626 1138.1053936481476 3.8942330789465696
160 320 0.570931793718531 1152.426674604416 4.624821322935159
170 340 0.4279707004107534 1167.2958540916443 3.6381445767819267
180 360 0.4444559537443716 1182.5351448059082 5.043069280430322
190 380 0.6324593777838845 1197.2942185401917 5.070421126467468
200 400 0.5817671394904425 1211.9353132247925 5.544240656751625
210 420 0.5094461261546115 1226.219711303711 5.476634957731073
220 440 0.6324676562288251 1241.1678521633148 5.525675124021002
230 460 0.638730430361385 1255.4414415359497 6.960548686491292
240 480 0.5521322827632154 1270.2462646961212 6.57799500334795
250 500 0.5688283473582678 1284.5179209709167 5.545711308091219
260 520 0.5917319218611037 1299.7488143444061 5.030186148278359
270 540 0.5776126111991593 1313.9594037532806 4.366408810116971
280 560 0.5513922446611269 1330.3460590839386 4.472960872069854
290 580 0.5761421112468267 1347.1343421936035 3.96244908506564
300 600 0.8176054717338579 1365.574051141739 6.555889435129844
310 620 0.5905325904353658 1383.9683759212494 4.242552892340304
320 640 0.6198620210790556 1402.5558564662933 4.451562918719067
330 660 0.4727071971989805 1421.8452455997467 4.453563874379597
340 680 0.472737571263282 1441.4275529384613 3.9035446604312387
350 700 0.4748347819760943 1460.7683053016663 4.31564173523402
360 720 0.5282988664330261 1480.2988567352295 4.956937562184127
370 740 0.6936496977682212 1499.7957391738892 4.7167242174906026
380 760 0.6253214319480952 1519.1820929050446 5.378640062455616
390 780 0.546748177601758 1538.8557739257812 5.596217737458474
400 800 0.6314502233707703 1558.2796137332916 5.552184299376424
410 820 0.48636035319488263 1576.7306771278381 5.3671566562888
420 840 0.4462805099112658 1594.168782234192 5.588303913735955
430 860 0.5465195740029611 1610.386736869812 5.385462752826917
440 880 0.4916162582327923 1627.608543395996 5.086025741597023
450 900 0.439907657193482 1643.542783498764 4.2321250086002
460 920 0.5022204993833932 1659.5572443008423 4.843952787279393
470 940 0.4025681615311407 1674.6718437671661 4.062960503521984
480 960 0.37165719022824123 1689.3411254882812 4.209307757598576
490 980 0.39943121296828876 1703.9471487998962 4.887139004724029
500 1000 0.3911599986755787 1718.494928598404 4.190766739244704
510 1020 0.3459605932022085 1733.1970958709717 4.202570815412179
520 1040 0.4176637577945799 1747.9712793827057 4.825049466178465
530 1060 0.41849443811288367 1762.5849475860596 4.613045870748482
540 1080 0.42352689503159935 1777.1851699352264 4.917973320125092
550 1100 0.5859550327195923 1791.7591960430145 4.827461931194841
560 1120 0.5553840259604709 1806.418380022049 4.56123251767637
570 1140 0.5738408279600173 1821.00839304924 4.986585840313927
580 1160 0.7170877055644187 1835.6494119167328 5.635500547535083
590 1180 0.6101016724789858 1850.2229297161102 5.276259760758851
600 1200 0.5144287536663743 1864.7589070796967 4.0883536037805595
610 1220 0.6536377857512901 1879.2557964324951 6.766354448860902
620 1240 0.41341556869451135 1893.783549785614 7.241000395509571
630 1260 0.4130767543498439 1908.3771467208862 4.051383399728701
640 1280 0.4638795732720685 1922.9978518486023 6.031658998472744
650 1300 0.40845810347547923 1937.6387877464294 4.01182052627587
660 1320 0.3585155202348789 1952.265436410904 4.0118727495525
670 1340 0.3621831822774677 1966.9119086265564 4.651710573460853
680 1360 0.32247289849205735 1981.556479215622 5.575131564550662
690 1380 0.3420993362003065 1996.2277760505676 3.9994362299501813
700 1400 0.36707328910120385 2010.9566543102264 5.481942433948021
710 1420 0.28664378590760203 2025.7257511615753 3.97979278367508
720 1440 0.2933517029935665 2040.275379896164 3.9411936078740317
730 1460 0.4579618740500924 2053.854725122452 4.5716934819010975
740 1480 0.4870907003433269 2067.4795184135437 5.9707051002923395
750 1500 0.5366381562871877 2081.1142416000366 5.00704456837776
760 1520 0.6746299872800419 2094.817108154297 6.05880184662397
770 1540 0.47790260931404926 2108.335411310196 3.978173709696452
780 1560 0.4518239946421854 2121.823678970337 6.831558641644964
790 1580 0.507492488875628 2135.381196498871 6.374847341743148
800 1600 0.37177783979546764 2148.9350349903107 3.9460973036898914
810 1620 0.3837675926667037 2162.4839935302734 4.635566191269665
820 1640 0.4401978590933603 2175.9813437461853 7.003214981934794
830 1660 0.4004882220524776 2189.503235578537 7.166550025396417
840 1680 0.37339698137472627 2202.98593211174 3.9055348457055827
850 1700 0.3920274709194007 2216.463830471039 4.285414585182822
860 1720 0.3920555657062192 2229.9511935710907 3.9862246633433656
870 1740 0.3932957742198914 2243.4185688495636 5.5595563256852065
880 1760 0.5468738706630376 2256.9951722621918 4.258118439946495
890 1780 0.5520360793092014 2270.499104499817 3.976963684997066
900 1800 0.3656970580655673 2283.9784848690033 3.9899375252609994
910 1820 0.4196884079370877 2297.496218919754 4.6525713813062
920 1840 0.38688414136932725 2310.992429494858 3.917452144976781
930 1860 0.4382822131954258 2324.5058913230896 3.9416020863879386
940 1880 0.4683359960205402 2338.068268060684 3.888406608120839
950 1900 0.5182053412382834 2351.6158266067505 7.133731462539228
960 1920 0.5271010009566814 2365.1360218524933 5.503922752729016
970 1940 0.40135813430890643 2378.6260385513306 3.7934311766755027
980 1960 0.4844576028138834 2392.1606674194336 6.331323763053665
990 1980 0.3517868150684419 2405.7155635356903 3.9361521128450834
1000 2000 0.3295820740466575 2419.268310546875 6.226886410485631
