0 0 5.0 702.6474049091339 3.0
10 20 3.8966301540391552 719.4561898708344 1.7556070547681315
20 40 3.3807663440179216 737.9959170818329 1.3515144785242517
30 60 2.828348831845636 757.0168130397797 1.090856666860647
40 80 2.286496309023093 775.4211707115173 0.9349854648131151
50 100 1.7927204075238947 794.6813862323761 0.8338102386583226
60 120 1.3612453365224728 813.7493994235992 0.7006159385841605
70 140 1.1476578794678407 832.7041399478912 3.1890568675558923
80 160 1.0966350491372387 851.4765784740448 2.9989179828400845
90 180 0.9823087468306937 870.2444567680359 3.7766008716379393
100 200 0.9834367138410125 889.2821900844574 3.306360065160106
110 220 0.901680306302822 908.8724114894867 2.960725140228266
120 240 0.897057362672244 928.6149234771729 5.53302900194781
130 260 0.8572796216074265 948.1018722057343 3.8380005370079515
140 280 0.8363005965747544 967.0059401988983 3.444994879206806
150 300 0.8320702014113361 985.8005616664886 5.59224062448569
160 320 0.7678820145094152 1004.7108242511749 3.6560300968337187
170 340 0.7957915560884842 1023.723747253418 3.12583504470834
180 360 0.7426451427913048 1042.6340539455414 5.414311927186957
190 380 0.7428318927054207 1061.5027458667755 3.7087956857982247
200 400 0.7442740175302729 1080.4436647891998 4.766802772513163
210 420 0.7262313710263101 1099.236315727234 6.738086644436462
220 440 0.7001205515108737 1118.3575592041016 5.129807739953179
230 460 0.6751335270983265 1136.7657861709595 3.1997195839480908
240 480 0.7001687896729164 1154.2597219944 4.988925944964215
250 500 0.614705316391018 1171.969186782837 3.754537332881847
260 520 0.6201789597531692 1189.6513650417328 4.609138924925624
270 540 0.6892769752985901 1208.1044459342957 6.918016846140383
280 560 0.6134247511643014 1226.4951214790344 3.7673655264352446
290 580 0.6036814545273305 1244.9549794197083 3.2285449896862835
300 600 0.690945307666412 1263.088228225708 5.126003299245096
310 620 0.5990314746489609 1280.2712378501892 3.8341986313320464
320 640 0.5934450128876818 1297.5674753189087 3.5274211245579674
330 660 0.6576846804421353 1315.8512830734253 5.873369181565367
340 680 0.5578311038680263 1333.9643516540527 3.784095777678343
350 700 0.5626376611937531 1352.4148499965668 6.350448219229083
360 720 0.6520168287475836 1371.2895047664642 5.109897985982166
370 740 0.5367644567933254 1389.525286436081 3.7901929905832885
380 760 0.5310872064882348 1407.0885705947876 3.266157426728348
390 780 0.6134208622976061 1424.9349393844604 5.4292012338068085
400 800 0.5680430694634888 1442.3315334320068 7.060349801450709
410 820 0.5387303478770287 1460.8937859535217 6.003412624339387
420 840 0.6283836356786741 1478.4080502986908 5.025813942685982
430 860 0.5180768909837131 1495.8642780780792 3.8004591681800255
440 880 0.521429258081556 1513.2198510169983 3.806821237354998
450 900 0.6224748109947531 1530.6371712684631 5.069403376211192
460 920 0.5190415015050428 1548.0359733104706 5.871546730398209
470 940 0.5007558094170691 1565.4841668605804 3.282471263837759
480 960 0.6241570817732098 1582.9605693817139 5.399696336425894
490 980 0.48077105036784196 1600.3477501869202 3.8036784627827127
500 1000 0.5126516355317988 1617.595781326294 4.441796576349014
510 1020 0.5895920264051199 1634.9463708400726 5.061854401521785
520 1040 0.5045243030555837 1652.305326461792 7.126451525576582
530 1060 0.4982516636280803 1669.6798384189606 6.12775797246588
540 1080 0.621467613763053 1687.197515487671 7.243576216446631
550 1100 0.4819416993512683 1705.421228647232 3.8052241423619533
560 1120 0.4835910089540141 1722.785099029541 3.818952686367132
570 1140 0.6400442497795895 1740.2812368869781 7.3515961812820585
580 1160 0.459304072478409 1758.1137161254883 3.8021799159022516
590 1180 0.478422881928009 1776.4949276447296 5.908519924715309
600 1200 0.5474222162840875 1795.4651980400085 5.256884784764979
610 1220 0.5136322900409404 1814.5217158794403 6.2981371149418255
620 1240 0.48652729020952196 1833.2450671195984 3.5691531438299435
630 1260 0.6010762864775198 1851.8258686065674 7.19115717239854
640 1280 0.4669377261879193 1870.5577886104584 4.120068366403422
650 1300 0.4734185656076284 1889.4838643074036 5.495214151507109
660 1320 0.533012803092766 1908.0335755348206 5.038040969770667
670 1340 0.5360815481070875 1926.6039581298828 6.877981779265938
680 1360 0.44695386639951407 1945.4693882465363 4.129429115340588
690 1380 0.5529339112435235 1964.114667892456 6.207264833259197
700 1400 0.47368534599244155 1982.946702003479 6.221571569989271
710 1420 0.47511751201411867 2001.682023525238 6.748414315662438
720 1440 0.5522600247441333 2019.1414964199066 5.10951172316076
730 1460 0.4447837172064738 2036.5779361724854 3.8031654179867935
740 1480 0.49073752520899905 2054.117678165436 5.295429808049085
750 1500 0.5283538997765638 2073.0026972293854 6.855201860016907
760 1520 0.42786988074809346 2090.741489171982 4.746439701936249
770 1540 0.4842228059846866 2108.391407728195 5.643472406757047
780 1560 0.5178248434988837 2125.46786236763 5.068015079051114
790 1580 0.4594856334254634 2142.294147014618 6.176427043287044
800 1600 0.48006519389893465 2159.4066512584686 6.454303145250251
810 1620 0.5254464708145598 2176.0200753211975 5.075257270343549
820 1640 0.4565285884037119 2192.449506044388 7.2674757215591335
830 1660 0.4440386109190383 2209.190808534622 5.6103931596697985
840 1680 0.5428569387313085 2225.7258858680725 6.233656531114204
850 1700 0.4275800834063585 2242.7107174396515 6.363845484881413
860 1720 0.4517254716186251 2260.9818861484528 5.474202908791263
870 1740 0.5474092661657808 2278.312327861786 5.98062258633434
880 1760 0.41943374063452077 2296.028478860855 3.993537841661899
890 1780 0.38946162006242374 2313.237549304962 3.5446572536208105
900 1800 0.5030987286949224 2330.339614391327 6.494193308242272
910 1820 0.37219396413100536 2348.2239253520966 5.335394748024975
920 1840 0.3986547948619309 2364.962558746338 3.265486516055857
930 1860 0.5008015830646613 2381.729022026062 6.167700274769123
940 1880 0.42495287130573134 2398.340561389923 5.447866406732775
950 1900 0.39427958640111216 2415.5668892860413 5.213891086649607
960 1920 0.49274040788442036 2432.7610850334167 5.829858426388629
970 1940 0.4151496464032594 2450.1442353725433 4.091274227073089
980 1960 0.39805917890557985 2470.1015090942383 3.2856192982858134
990 1980 0.5098912587689293 2491.511690378189 5.049027309862354
1000 2000 0.4197566665067502 2513.803062438965 5.387976314553132
