0 0 2.666666666666667 0.018410444259643555 1.5000000000000002
20 20 0.7167016338162739 0.28371620178222656 0.32169774446158794
40 40 0.7081884283410356 0.546973705291748 0.3197633113424141
60 60 0.7034618098759517 0.7865242958068848 0.32004118141815485
80 80 0.7023348935612128 1.0505499839782715 0.3200645747262905
100 100 0.7005903085272415 1.3029348850250244 0.319983275790461
120 120 0.6989208352224241 1.545757532119751 0.3200003508397445
140 140 0.6987091518549042 1.793309211730957 0.31999982011558514
160 160 0.6989857508480061 2.0289011001586914 0.31999974922513114
180 180 0.6980975447307629 2.312678813934326 0.31999909897637085
200 200 0.6981277498211537 2.5546205043792725 0.32000081903743727
220 220 0.6980146861209442 2.809804677963257 0.31999955128389657
240 240 0.6981679852889162 3.0947751998901367 0.320000549860759
260 260 0.6978110595033142 3.364490032196045 0.3199998622861013
280 280 0.6978499630074133 3.6204335689544678 0.3200002128857529
300 300 0.6978793334603866 3.875560760498047 0.3199999294540714
320 320 0.6978936442428426 4.121263742446899 0.32000010784630994
340 340 0.6977918894505519 4.362427711486816 0.31999998285919107
360 360 0.6977954911106341 4.599634170532227 0.3200000385616651
380 380 0.6978176628186583 4.861245155334473 0.31999999144498403
400 400 0.6978099423131421 5.098291873931885 0.32000001437367964
420 420 0.6977848400012095 5.333135604858398 0.3199999967667796
440 440 0.6977824873433519 5.58085823059082 0.3200000050008811
460 460 0.6977903512759874 5.817619323730469 0.3199999991283263
480 480 0.6977858850950966 6.050905227661133 0.3200000013106071
500 500 0.6977802732580367 6.292968034744263 0.31999999964304554
520 520 0.6977792561188934 6.54523491859436 0.3200000005987744
540 540 0.6977822583043701 6.7955756187438965 0.3199999999053336
560 560 0.6977805873899567 7.025857210159302 0.3200000001931476
580 580 0.6977785635705209 7.283089876174927 0.31999999996282463
600 600 0.6977781535708381 7.52401328086853 0.3200000000587266
620 620 0.6977797862699099 7.752917051315308 0.3199999999862433
640 640 0.6977786731765181 7.998138189315796 0.32000000002222295
660 660 0.6977780477302042 8.254028081893921 0.31999999999652284
680 680 0.697777843042886 8.488474607467651 0.3200000000038843
700 700 0.6977784993356082 8.709784507751465 0.3199999999987788
720 720 0.6977779545007092 8.970187664031982 0.32000000000178075
740 740 0.6977778734882696 9.203896045684814 0.3199999999996693
760 760 0.6977778016027139 9.485409498214722 0.3200000000005464
780 780 0.6977780095409198 9.728686809539795 0.3199999999998937
800 800 0.6977778043658193 9.958938360214233 0.32000000000009315
820 820 0.6977778151546123 10.214508295059204 0.3199999999999642
840 840 0.6977777846744683 10.441329717636108 0.3200000000000529
860 860 0.6977778532755674 10.690665483474731 0.31999999999999273
880 880 0.6977777787104686 10.915796756744385 0.3199999999999991
900 900 0.6977777903573277 11.17109727859497 0.3199999999999983
920 920 0.6977777790575145 11.404062747955322 0.3199999999999999
940 940 0.697777804890563 11.634020328521729 0.3199999999999997
960 960 0.6977777779374599 11.888157367706299 0.32000000000000006
980 980 0.6977777815872488 12.125215530395508 0.32000000000000006
1000 1000 0.697777780430413 12.351847887039185 0.31999999999999995
1020 1020 0.6977777876547893 12.636152982711792 0.32000000000000023
1040 1040 0.6977777779314364 12.901851415634155 0.3200000000000001
1060 1060 0.6977777790329512 13.169412612915039 0.32000000000000023
1080 1080 0.6977777793322314 13.427907705307007 0.32000000000000006
1100 1100 0.6977777809147038 13.684059858322144 0.3200000000000002
1120 1120 0.697777778015187 13.93275237083435 0.32000000000000006
1140 1140 0.6977777782184965 14.165385007858276 0.3200000000000001
1160 1160 0.6977777782549563 14.406824350357056 0.3200000000000001
1180 1180 0.6977777786600748 14.652404069900513 0.3200000000000001
1200 1200 0.6977777778909555 14.9091157913208 0.3200000000000002
1220 1220 0.6977777779225269 15.156290769577026 0.3200000000000001
1240 1240 0.6977777779729245 15.415091276168823 0.3200000000000002
1260 1260 0.6977777780716657 15.67369031906128 0.3200000000000001
1280 1280 0.6977777778231067 15.931761264801025 0.3200000000000001
1300 1300 0.6977777778204668 16.153672456741333 0.3200000000000001
1320 1320 0.6977777778916587 16.395399808883667 0.3200000000000001
1340 1340 0.6977777778787556 16.701974391937256 0.3200000000000001
1360 1360 0.6977777777921887 17.002512216567993 0.3200000000000001
1380 1380 0.6977777777886006 17.232564210891724 0.3200000000000002
1400 1400 0.6977777778229368 17.47410273551941 0.3200000000000001
1420 1420 0.6977777778065872 17.701799631118774 0.3200000000000001
1440 1440 0.6977777777832535 17.93315052986145 0.3200000000000001
1460 1460 0.6977777777814405 18.173107385635376 0.3200000000000001
1480 1480 0.6977777777937049 18.409834146499634 0.3200000000000001
1500 1500 0.6977777777852603 18.654897451400757 0.3200000000000002
1520 1520 0.6977777777803154 18.892898082733154 0.32000000000000006
1540 1540 0.6977777777789907 19.111594438552856 0.3200000000000001
1560 1560 0.69777777778292 19.35145592689514 0.3200000000000001
1580 1580 0.6977777777792851 19.584455490112305 0.3200000000000001
1600 1600 0.697777777778698 19.804734706878662 0.3200000000000001
1620 1620 0.6977777777780387 20.021771669387817 0.3200000000000001
1640 1640 0.6977777777796693 20.238214254379272 0.3200000000000001
1660 1660 0.6977777777783101 20.481205463409424 0.3200000000000001
1680 1680 0.6977777777780778 20.70069456100464 0.3200000000000001
1700 1700 0.6977777777778229 20.92674493789673 0.3200000000000002
1720 1720 0.6977777777785492 21.151988744735718 0.32000000000000006
1740 1740 0.6977777777779377 21.37267231941223 0.32000000000000006
1760 1760 0.6977777777778758 21.598555326461792 0.3200000000000002
1780 1780 0.6977777777777818 21.822200536727905 0.3200000000000001
1800 1800 0.6977777777780403 22.041183710098267 0.3200000000000001
1820 1820 0.6977777777777805 22.261987924575806 0.3200000000000001
1840 1840 0.6977777777778131 22.49290680885315 0.3200000000000001
1860 1860 0.6977777777777784 22.722224712371826 0.32000000000000006
1880 1880 0.697777777777858 22.95017981529236 0.32000000000000006
1900 1900 0.6977777777777807 23.175174474716187 0.32000000000000006
1920 1920 0.6977777777777909 23.418290615081787 0.3200000000000001
1940 1940 0.6977777777777796 23.644004106521606 0.3200000000000001
1960 1960 0.6977777777778043 23.869499921798706 0.32000000000000006
1980 1980 0.6977777777777798 24.097461938858032 0.3200000000000001
2000 2000 0.6977777777777822 24.322624683380127 0.3200000000000001
