0 0 2.666666666666667 40.91301250457764 1.5000000000000002
10 20 0.9604701756968501 41.115962505340576 0.9814064538362909
20 40 0.6068718307756744 41.31698703765869 1.1075383470737579
30 60 0.45067311538250726 41.51623225212097 1.316131265241063
40 80 0.23772538625584377 41.720030546188354 1.2960067498542507
50 100 0.13200263727512368 41.92234444618225 0.5826780303498592
60 120 0.07413619226269226 42.126887798309326 0.21326983595758542
70 140 0.06462985949268492 42.330891370773315 0.21340787014632162
80 160 0.05880481226973194 42.53650665283203 0.21343487011321297
90 180 0.05362460581084122 42.73965620994568 0.21343108882398912
100 200 0.05090526634431225 42.940818309783936 0.21343721009440078
110 220 0.04664215779142723 43.141316652297974 0.21339198190148975
120 240 0.044167622659204445 43.347601652145386 0.21339343245030107
130 260 0.042081571033150494 43.5482919216156 0.2133754703866611
140 280 0.04010614280737285 43.750712871551514 0.21335508677733994
150 300 0.038229561815369344 43.95524716377258 0.21333329164418702
160 320 0.03645586571164611 44.15795111656189 0.2133110167237747
170 340 0.03477829572422066 44.359102964401245 0.21328885519593774
180 360 0.03320913350835808 44.559680700302124 0.21326722118644503
190 380 0.03188809952375593 44.76433038711548 0.21324192566344782
200 400 0.03159960868465938 44.97018241882324 0.21323904151063025
210 420 0.030149867914489682 45.17578387260437 0.2132185012067556
220 440 0.028845370190561756 45.37840127944946 0.21319912767304375
230 460 0.028740689079247574 45.5810067653656 0.21319241821630272
240 480 0.02743264255302337 45.785237312316895 0.21317390134486514
250 500 0.02638633060026687 45.98776030540466 0.21315455170715805
260 520 0.026148560821871586 46.193726778030396 0.2131502399948023
270 540 0.025029406221341963 46.39489793777466 0.213133820995209
280 560 0.02493811686903226 46.59579849243164 0.21312816939680312
290 580 0.02384276379021827 46.798831939697266 0.21311273497203323
300 600 0.02378632879353825 47.00610327720642 0.2131075474588468
310 620 0.022773433910773126 47.2091965675354 0.21309311772545544
320 640 0.02269031800594913 47.41236090660095 0.21308833739727717
330 660 0.021844500838207347 47.612671852111816 0.21307406578406085
340 680 0.0216474741528448 47.81331706047058 0.21307041670831064
350 700 0.021646112377921488 48.01315498352051 0.21306647726463104
360 720 0.02065982325104693 48.21772289276123 0.21305375958431813
370 740 0.020645437916566207 48.420870304107666 0.21304999616080125
380 760 0.019809839176573106 48.62145495414734 0.21303777252459735
390 780 0.019697633727013705 48.82525706291199 0.2130346184644834
400 800 0.01969746647876607 49.0292272567749 0.21303139113652478
410 820 0.018815404935238485 49.23074388504028 0.2130203462089504
420 840 0.018788043714720162 49.43371224403381 0.2130171737199726
430 860 0.018791414974065758 49.63525700569153 0.2130143416021316
440 880 0.017939856296842714 49.83775448799133 0.21300399759622637
450 900 0.017923230060510484 50.042476177215576 0.21300118144578573
460 920 0.017926536753231755 50.24947214126587 0.21299864918525582
470 940 0.01713837795713299 50.45184254646301 0.2129890751592353
480 960 0.017100692178632908 50.651691198349 0.21298650651089104
490 980 0.017101370815246385 50.85339283943176 0.21298419892344098
500 1000 0.016462357897473072 51.054885149002075 0.21297509075576446
510 1020 0.016316820678080032 51.259504556655884 0.21297295579698033
520 1040 0.016313230621091416 51.46071648597717 0.21297081825170455
530 1060 0.01631446442431876 51.664270639419556 0.21296886761691378
540 1080 0.015585617749937022 51.86599779129028 0.2129604777657082
550 1100 0.015564491268966448 52.068854093551636 0.21295845009783795
560 1120 0.015564630831521317 52.26968502998352 0.2129566089817465
570 1140 0.015564230343847721 52.47177195549011 0.21295492019777584
580 1160 0.014861817933233129 52.6739821434021 0.212947056391763
590 1180 0.014848975371753998 52.87649059295654 0.212945278374196
600 1200 0.01484941106786103 53.07731246948242 0.21294365375954274
610 1220 0.014849156549052651 53.27735114097595 0.21294215744195094
620 1240 0.014187051222413026 53.480090379714966 0.21293482182267873
630 1260 0.014167778345771466 53.68015480041504 0.21293322171361612
640 1280 0.014166791556072957 53.87827253341675 0.21293175833405584
650 1300 0.01416711779409393 54.07686972618103 0.2129304053626596
660 1320 0.013640056926221368 54.27811527252197 0.21292352605210332
670 1340 0.013518906231997684 54.47937369346619 0.21292215371722306
680 1360 0.013514996571932517 54.67963194847107 0.21292080815007092
690 1380 0.013517220129077537 54.88040256500244 0.21291956164918702
700 1400 0.01351693541243179 55.08192014694214 0.21291840548496466
710 1420 0.012943811809181869 55.2850706577301 0.21291199662425617
720 1440 0.012898106445762877 55.485249757766724 0.21291073974543268
730 1460 0.012894811090394472 55.68948268890381 0.21290956856762808
740 1480 0.012896793621999351 55.89094424247742 0.21290847860387008
750 1500 0.012896668366138841 56.0926947593689 0.21290746447744383
760 1520 0.012375781282131001 56.292983531951904 0.21290138219850488
770 1540 0.01230644787652053 56.49459218978882 0.21290035545220257
780 1560 0.012302958752082966 56.69520115852356 0.2128993100341011
790 1580 0.012305249333077 56.89295697212219 0.2128983345051744
800 1600 0.01230462290124778 57.09213876724243 0.2128974235131157
810 1620 0.0123056112177557 57.291144132614136 0.21289657367370685
820 1640 0.011746135748939294 57.49245882034302 0.21289087510361224
830 1660 0.01174051115792088 57.69537615776062 0.21288991580713096
840 1680 0.01173976667544485 57.89655685424805 0.21288902313789904
850 1700 0.011740415731072458 58.09709548950195 0.21288818620375288
860 1720 0.011740692466553466 58.298004150390625 0.21288740299444625
870 1740 0.011741209901766764 58.49529480934143 0.21288666957452476
880 1760 0.01120404353465216 58.69534230232239 0.21288128089635713
890 1780 0.011201394289271418 58.895917892456055 0.21288044446911086
900 1800 0.011201935887243265 59.09601354598999 0.21287966146762502
910 1820 0.011201932120907875 59.30046844482422 0.21287892521215984
920 1840 0.011202391996619192 59.50284957885742 0.212878234236298
930 1860 0.011202792565361976 59.70200276374817 0.21287758514337943
940 1880 0.010697744287799429 59.902963638305664 0.21287256713547562
950 1900 0.010689350017740155 60.10595893859863 0.21287181281516265
960 1920 0.010687391447832307 60.307549476623535 0.2128711084578115
970 1940 0.010689047053432542 60.50818586349487 0.21287044444885675
980 1960 0.010688403601839308 60.70949745178223 0.21286981910594063
990 1980 0.010689124867742279 60.909926891326904 0.21286923032992647
1000 2000 0.010689124867742279 60.909926891326904 0.21286923032992647
