0 0 2.666666666666667 0.01996302604675293 1.5000000000000002
10 20 0.10228664073792071 0.25440096855163574 0.6701461265346768
20 40 0.07669814502623794 0.4571371078491211 0.6442239578311806
30 60 0.07669061152696971 0.6564607620239258 0.721514923022361
40 80 0.07736164330434325 0.8863627910614014 1.1084843627326573
50 100 0.0760103015129129 1.0969009399414062 0.8673208618337097
60 120 0.07415128197909837 1.3031911849975586 0.5354355969575253
70 140 0.07284772196592404 1.5089480876922607 0.43002326607281416
80 160 0.07294615390865711 1.7034001350402832 0.25450734707241557
90 180 0.07282193167452553 1.897113561630249 0.23971497759105284
100 200 0.07260824040876748 2.093294620513916 0.11052228630523932
110 220 0.07297347842544726 2.3023993968963623 0.15615579820968
120 240 0.07362223669336806 2.511265754699707 0.3535606267005958
130 260 0.07348638757348244 2.7017648220062256 0.2908492469286899
140 280 0.07277336079571009 2.9119527339935303 0.10391706535496346
150 300 0.07252975228646863 3.1125099658966064 0.12055551404014012
160 320 0.07254062942378794 3.302239418029785 0.16393506071815098
170 340 0.07260631032483122 3.51084566116333 0.13260252528000763
180 360 0.07241163658983991 3.7152130603790283 0.1203441946158565
190 380 0.07278973254181417 3.92549204826355 0.14879218105991757
200 400 0.07309364204754368 4.1621012687683105 0.21353103980200583
210 420 0.0728258444295555 4.360474348068237 0.1513134134968034
220 440 0.07237596890944464 4.551909446716309 0.07304629350637118
230 460 0.07245441822986337 4.772838115692139 0.08116822969890876
240 480 0.07243863037559921 4.979700565338135 0.04765602250598424
250 500 0.07243778858739044 5.191411018371582 0.09588567511644841
260 520 0.07229900187289562 5.370765447616577 0.09303525290767395
270 540 0.072740829562867 5.544245004653931 0.12263631985903543
280 560 0.07277157332088019 5.735717296600342 0.14931941029580123
290 580 0.07258025951554356 5.9319891929626465 0.09595445664079091
300 600 0.0722799283775688 6.152031898498535 0.041334184497979785
310 620 0.07231438151422906 6.341655254364014 0.032000004820855056
320 640 0.07237132329055485 6.533869981765747 0.06295712185313997
330 660 0.07233952259051547 6.726548671722412 0.03952791489682003
340 680 0.07229361888881841 6.905902147293091 0.060558952561429485
350 700 0.0725944346476543 7.109597682952881 0.09683577359734083
360 720 0.07263934499439459 7.315350532531738 0.11461682281242072
370 740 0.07251171861654937 7.521117925643921 0.07333527273012987
380 760 0.07223636878501588 7.714720249176025 0.035755983139545935
390 780 0.0723055459898389 7.930829048156738 0.03199989917201474
400 800 0.07232451914138718 8.1421959400177 0.03200042352185421
410 820 0.07233467459566341 8.382897853851318 0.03200451369469846
420 840 0.07224366061020238 8.630766153335571 0.04441070312033934
430 860 0.07249686767995837 8.851444721221924 0.07351565461023825
440 880 0.07253258169687851 9.075252056121826 0.09382505009007656
450 900 0.0724854921565172 9.306739568710327 0.06577547930988399
460 920 0.07226533152056827 9.517308950424194 0.032000952908275544
470 940 0.07228196879910559 9.723652362823486 0.03329521610690621
480 960 0.07232390223140533 9.917588949203491 0.03971195616782426
490 980 0.07228358102617163 10.117222785949707 0.03200291114468771
500 1000 0.07226107168143361 10.336006164550781 0.03200147150801533
510 1020 0.07238703207109483 10.541435718536377 0.050190510581605875
520 1040 0.07251507421117637 10.72318720817566 0.07845290859498208
530 1060 0.07243652803694119 10.928289890289307 0.06444123429159532
540 1080 0.07228862551773634 11.140712022781372 0.04508997338420094
550 1100 0.07225171489229262 11.324958086013794 0.03244802640067058
560 1120 0.07230623341900702 11.5631844997406 0.031999927268294676
570 1140 0.0722714911116404 11.74128007888794 0.03200139027167052
580 1160 0.07225176076093162 11.954856395721436 0.03282475073156984
590 1180 0.07228587135128618 12.13619613647461 0.03200004793347519
600 1200 0.07246521645741094 12.324775218963623 0.06260218588350366
610 1220 0.07242056643548435 12.540637731552124 0.06359859275866703
620 1240 0.07233052818061117 12.726094484329224 0.0356080223024742
630 1260 0.07222373092116613 12.939038515090942 0.03819596680498601
640 1280 0.07227986550911492 13.14783501625061 0.034520736251751415
650 1300 0.07226134560748261 13.349903345108032 0.03200010069677377
660 1320 0.0722541277531458 13.553845643997192 0.03200170993894974
670 1340 0.07221296767763238 13.754110336303711 0.032000445023974984
680 1360 0.07238770907187936 13.964664697647095 0.041653307350189975
690 1380 0.07239431650116647 14.14961290359497 0.0586573286746103
700 1400 0.07236467769958788 14.391471147537231 0.04670310957438735
710 1420 0.0722678746967459 14.607158899307251 0.03200063146860642
720 1440 0.07225435207486877 14.818789958953857 0.03199996312539169
730 1460 0.07223491167009642 15.030145168304443 0.03321816777655863
740 1480 0.07226198917602467 15.211174964904785 0.032000821764191174
750 1500 0.07223154158160046 15.431295394897461 0.03200119579771608
760 1520 0.07227348096875921 15.620240449905396 0.03199996448928139
770 1540 0.07234422451719544 15.835277080535889 0.04545277254172424
780 1560 0.07238690822392646 16.035563707351685 0.05073728940502785
790 1580 0.0723313901270037 16.2463219165802 0.033357740405201286
800 1600 0.07221926476296495 16.460840463638306 0.03200012907656416
810 1620 0.07222959569641495 16.665428638458252 0.03200007739475681
820 1640 0.07226764390941107 16.935444593429565 0.032000020325351874
830 1660 0.07223902595849982 17.11619734764099 0.0320008868231853
840 1680 0.07222343574679295 17.31386637687683 0.03200076582144601
850 1700 0.0722919205871806 17.55990433692932 0.032000012865889015
860 1720 0.07235556449457625 17.736793756484985 0.04377771169321575
870 1740 0.07234612914290453 17.931629180908203 0.043477776925642427
880 1760 0.07229669122283709 18.13960599899292 0.03200063743762612
890 1780 0.07222255982502067 18.392575979232788 0.03200005516971215
900 1800 0.07222951488409031 18.575214624404907 0.03199997640681602
910 1820 0.07224198835429363 18.79891800880432 0.032000017555041234
920 1840 0.07223514033037404 18.9730441570282 0.03200079885526724
930 1860 0.0722258882470734 19.2011661529541 0.03200046265729399
940 1880 0.07227009862761523 19.38685369491577 0.03199997854403122
950 1900 0.07234279838081498 19.594709396362305 0.040409313265570485
960 1920 0.07232902542279886 19.78976535797119 0.03822153319120146
970 1940 0.07228128382859954 20.015236139297485 0.0320005068811065
980 1960 0.07220954913928167 20.2348153591156 0.0320000685659316
990 1980 0.07223684258577917 20.458568811416626 0.03199998212970357
1000 2000 0.07223743469228103 20.705244064331055 0.03199998856071171
