0 0 1.1838625565596197 0.4777047634124756 1.4435895928765252
3 9 0.44398368586371345 1.5971827507019043 1.2484763814562934
6 18 0.19553175317386617 2.744487762451172 1.2404346486817202
9 27 0.11559793680364913 3.8460798263549805 1.2398319639511262
13 39 0.07165068137382787 5.268707036972046 1.2648754442628447
16 48 0.05520753414506015 6.425326108932495 1.2747029722956926
19 57 0.04502828283873149 7.557065010070801 1.278990212371843
23 69 0.03686553665200182 9.018034219741821 1.278921287543887
26 78 0.03297900286908717 10.12454080581665 1.2768855560383612
29 87 0.030061919659678416 11.264563798904419 1.27622589404702
33 99 0.0272456253582338 12.743800163269043 1.2703502889236997
36 108 0.02567598045214045 13.90043830871582 1.261544225516663
39 117 0.024359301055186272 15.02505373954773 1.2477816963710266
43 129 0.02301647358174015 16.51829719543457 1.2371864684497318
46 138 0.022168400772859323 17.602266311645508 1.233616405705798
49 147 0.021487353991296212 18.695809602737427 1.229437738341964
53 159 0.020695364914011083 20.152495861053467 1.2237682389339468
56 168 0.020175886831202458 21.28359079360962 1.219597552024681
59 177 0.019763867981792693 22.32945680618286 1.2142574976415699
63 189 0.019268058559601328 23.757657289505005 1.207237334939692
66 198 0.018968348033581495 24.843965530395508 1.2070012753357051
69 207 0.018672698238322946 25.880650997161865 1.2169464156343834
73 219 0.018346726905129118 27.252352714538574 1.2289470104314184
76 228 0.01812176808697223 28.309495210647583 1.2370814368717675
79 237 0.017939051942964773 29.3917179107666 1.244367103730703
83 249 0.017713302539983752 30.807716608047485 1.2534530390084004
86 258 0.017570197477568925 31.89339852333069 1.2599055264534889
89 267 0.01742461987416513 32.992998123168945 1.2656565136800535
93 279 0.017258362505291128 34.40174126625061 1.272891501759759
96 288 0.017150923131730153 35.44306969642639 1.2779562140210126
99 297 0.017041499909014823 36.53939414024353 1.2827484305613737
103 309 0.016913632150096572 38.396363258361816 1.2885837369853845
106 318 0.016822085498058192 39.93219232559204 1.2927195444210156
109 327 0.01674630662673321 41.05781364440918 1.2967396295566411
113 339 0.016647174522168573 42.51718091964722 1.3016850615786737
116 348 0.016574983601280638 43.605392932891846 1.305133622399423
119 357 0.016513970324746385 44.71937847137451 1.3084528199174776
123 369 0.01643460957432795 46.16779017448425 1.3126094209179686
126 378 0.01638286419839141 47.235617876052856 1.3156269013370985
129 387 0.016327355029234977 48.35783123970032 1.3183737387671088
133 399 0.016262008146674334 49.773197412490845 1.3219036363131214
136 408 0.01621387862249811 50.81379055976868 1.324380820541398
139 417 0.01617270889262054 51.882452964782715 1.3268300920850111
143 429 0.016117138704999173 53.279353618621826 1.3298452324846077
146 438 0.01607671853635874 54.331252336502075 1.3319859059831476
149 447 0.016041613601136664 55.41907787322998 1.3341147126582555
153 459 0.01599484928413024 56.90780210494995 1.3367748762998246
156 468 0.01596042074841919 57.961490869522095 1.3386520222485243
159 477 0.01592930283943482 59.02385878562927 1.3405181838484215
163 489 0.015888770485857934 60.42583441734314 1.342873370964183
166 498 0.01586113379230933 61.50930070877075 1.3446143459848068
169 507 0.015832244358182437 62.570568323135376 1.3462142023989732
173 519 0.01579669739801938 63.999494314193726 1.3483120701533295
176 528 0.01577151069420811 65.13912057876587 1.3498542860561968
179 537 0.015746469491272383 66.25684833526611 1.3512783336249385
183 549 0.015713432204420424 67.72632932662964 1.3531270688667099
186 558 0.015688544358993292 68.82252550125122 1.354422398290035
189 567 0.015662696473348794 69.96119499206543 1.355738432905807
193 579 0.015625059302563346 71.39974308013916 1.3573634926330898
196 588 0.015597518232528695 72.50555324554443 1.3585545190592976
199 597 0.015573251785857625 73.59148979187012 1.359638492513646
203 609 0.015546100264344581 75.28816533088684 1.3610550070409266
206 618 0.015527625814873033 76.65085744857788 1.362037963406774
209 627 0.015511045089927497 77.85896635055542 1.3630501838806934
213 639 0.015489352071205637 79.40518879890442 1.3643079406464427
216 648 0.015473029627674911 80.58883452415466 1.3652434085855067
219 657 0.01545643656288953 81.72813129425049 1.3660962134104986
223 669 0.015434504574433988 83.20228981971741 1.3672336938842031
226 678 0.015417165023857884 84.32538294792175 1.3680837358333962
229 687 0.015399597547304147 85.41653990745544 1.3688574121437782
233 699 0.015375910779998489 86.92637157440186 1.369891685213817
236 708 0.015358632173284134 88.04531073570251 1.3713580725283898
239 717 0.015343107889355237 89.15627384185791 1.3729516685691596
243 729 0.015323759193558745 90.57567763328552 1.37510522641524
246 738 0.01531123640210838 91.6442883014679 1.3767515245675785
249 747 0.015299656714202456 92.79373216629028 1.3782185136295517
253 759 0.015285148055847173 94.27893996238708 1.3802147080156317
256 768 0.015274185426718628 95.35532832145691 1.381739661254386
259 777 0.015263664011207864 96.43469381332397 1.3830991374518722
263 789 0.01524951693257555 97.80068588256836 1.3849593073876074
266 798 0.015237908431517427 98.82723093032837 1.3863848475821812
269 807 0.015226493843214756 99.80435228347778 1.387655987541852
273 819 0.01521404954822099 101.09247899055481 1.3894015372729294
276 828 0.015205018933382705 102.06866145133972 1.390621080914265
279 837 0.01519666279870062 103.04432821273804 1.3919426689774876
283 849 0.0151854149646891 104.44843339920044 1.3935866330513653
286 858 0.01517762235014991 105.4369683265686 1.3948546388461565
289 867 0.015169231140080078 106.4855124950409 1.395976240749482
293 879 0.015158700641566006 107.7942943572998 1.3975179915405056
296 888 0.015151093722334003 108.76231527328491 1.398706636075821
299 897 0.015143068625382367 109.7291145324707 1.3997577734022655
303 909 0.015133064217189282 111.17274689674377 1.4012080222038759
306 918 0.015125232736673974 112.30574822425842 1.402214638137742
309 927 0.015118003172891095 113.27877974510193 1.4033187553176576
313 939 0.015108280454575018 114.6095757484436 1.404689075152944
316 948 0.015101009071973676 115.55525708198547 1.4056436856988306
319 957 0.015094015370474223 116.50344324111938 1.4066940196075879
323 969 0.015085020049975126 117.77906918525696 1.4080012121299974
326 978 0.015078128917922262 118.74444127082825 1.4089103584992275
329 987 0.01507174293032948 119.74557662010193 1.4099168524985242
333 999 0.015063243914479357 121.04290318489075 1.411165835285497
