0 0 1.7025671957671964 0.16022586822509766 1.0
10 10 0.14518056021883385 1.1153805255889893 0.3462767666845095
20 20 0.1687486682343677 2.0818347930908203 0.2888574360924389
30 30 0.17452965740251647 3.0238964557647705 0.273924732649925
40 40 0.19186687698177474 3.9749107360839844 0.2576830155845921
50 50 0.18036548876928218 4.926668167114258 0.2412730373122777
60 60 0.17330095967232437 5.8875203132629395 0.22412908225633404
70 70 0.18248257839441462 6.834853410720825 0.20678140364828995
80 80 0.1848731012543055 7.781126022338867 0.18836865874281158
90 90 0.18383227067071897 8.804367065429688 0.1697416914379011
100 100 0.1882168824534569 9.748564004898071 0.15069282075188362
110 110 0.1784791872920471 10.998843669891357 0.13874835647400957
120 120 0.18299925753732682 11.970032453536987 0.14002792852314966
130 130 0.19425602317546406 12.935518741607666 0.18504980262217616
140 140 0.1719861735194322 13.92408561706543 0.1390462764595953
150 150 0.17327728153908636 14.890695095062256 0.13979693769722973
160 160 0.18924063460255935 15.875269412994385 0.1393813664317177
170 170 0.17422230652185333 16.86721634864807 0.13862893631703746
180 180 0.17667748083706697 17.814075708389282 0.14000555941257012
190 190 0.17294298690088417 18.807634115219116 0.13910995253989267
200 200 0.17305571152192728 19.80173110961914 0.13946853539842255
210 210 0.17538375807336254 20.71691393852234 0.13927628139470216
220 220 0.17388036228271594 21.649796962738037 0.13980422256200326
230 230 0.19197462886591998 22.609747171401978 0.13968283238061008
240 240 0.1751402371697794 23.546907424926758 0.13895278501509767
250 250 0.1785596741172128 24.493964433670044 0.13928813955916708
260 260 0.18255179985042816 25.416672468185425 0.13902463682107838
270 270 0.1769677554367754 26.369304180145264 0.13900897659999326
280 280 0.17102816225622278 27.326284646987915 0.13956909504672974
290 290 0.18156744489409954 28.20869755744934 0.13964582913958626
300 300 0.17413543931930767 29.19287919998169 0.13878123627313668
310 310 0.17591912265463722 30.13315987586975 0.1401284875395888
320 320 0.17544614784633397 31.107787609100342 0.13930680056274433
330 330 0.17527667667742403 31.992787837982178 0.13963915557467418
340 340 0.18009214607558716 32.90263557434082 0.13947080764659256
350 350 0.17579689821881977 33.857262134552 0.13969038885095356
360 360 0.1721730054016227 34.76581382751465 0.13911851725983193
370 370 0.16949350419988443 35.82174205780029 0.13939029601843964
380 380 0.1733549538340087 36.87227511405945 0.13939717862068612
390 390 0.17298438459498203 37.907392501831055 0.1396798346333878
400 400 0.17576063344599985 38.84227800369263 0.13966774284896086
410 410 0.17452734582234142 39.748955726623535 0.1395673857830683
420 420 0.17380964841036528 40.65124249458313 0.13956341984704088
430 430 0.178622065737069 41.59470081329346 0.13960301401395467
440 440 0.17412185246944864 42.729816913604736 0.1397773657306376
450 450 0.17926401389540816 43.756629943847656 0.13962678699639425
460 460 0.17468475169148395 44.727134227752686 0.13980552539229815
470 470 0.177847880929002 45.69214606285095 0.13968232433599542
480 480 0.18627969111341228 46.65463447570801 0.13968824002091812
490 490 0.17258850615917104 47.60653495788574 0.13954396458543028
500 500 0.17303896577921501 48.58106327056885 0.13980138742404213
510 510 0.18025355083852124 49.53867721557617 0.13946069467467806
520 520 0.1741115868493055 50.49528646469116 0.13965106422031848
530 530 0.17672028731679124 51.476157665252686 0.13955871470458756
540 540 0.18019598365220718 52.4412784576416 0.13972003806567868
550 550 0.1736151731191719 53.46031975746155 0.13936051153273407
560 560 0.18877669212872766 54.45918250083923 0.13968325768249973
570 570 0.17091891650875202 55.502894163131714 0.13902661702649904
580 580 0.1751831457821174 56.70471382141113 0.14002863789145198
590 590 0.18937794842707698 57.734877586364746 0.14011121906508922
600 600 0.17312725510882365 58.70766997337341 0.13907290642582879
610 610 0.17138252357458472 59.69265151023865 0.13971244290223891
620 620 0.18356677269374547 60.6603045463562 0.14017815875841086
630 630 0.1846519710538763 61.86073660850525 0.1399613717966179
640 640 0.16853783538403 62.91373157501221 0.13902434904229416
650 650 0.17794605676249514 63.92015361785889 0.14032782940933927
660 660 0.18604744166733506 64.92699646949768 0.14009160572589294
670 670 0.1782537313339534 65.9462022781372 0.1400921713157374
680 680 0.17187596570589625 66.99380564689636 0.13944468481798425
690 690 0.18079021523310737 68.01533579826355 0.13982064163510918
700 700 0.17419320326877522 69.01777219772339 0.1396511730613168
710 710 0.17260520329474668 70.04518413543701 0.1398475924441351
720 720 0.18485828776814683 71.11470198631287 0.13995678875432463
730 730 0.17633684542609063 72.22842383384705 0.13995014533571204
740 740 0.17587912764512675 73.26729774475098 0.1399956940669534
750 750 0.1803023197582917 74.35928273200989 0.13984152194759358
760 760 0.17376803138297425 75.40351796150208 0.1398359878728069
770 770 0.17478853341688297 76.42496824264526 0.14001101011175113
780 780 0.18093976274008308 77.68567228317261 0.13996838003450035
790 790 0.17475349268308604 78.71861696243286 0.13984036710389267
800 800 0.1754765055298394 79.69681358337402 0.13950595824809456
810 810 0.17182702212341758 80.69387292861938 0.13935835492754517
820 820 0.17266487063121114 81.64730453491211 0.1399930563456834
830 830 0.17954294353409872 82.65529298782349 0.14050476324574113
840 840 0.1783099242712517 83.63744068145752 0.1401455478955951
850 850 0.177195177380482 84.61815309524536 0.14016122178566282
860 860 0.18023266601857757 85.65712571144104 0.17533746007029083
870 870 0.17905266187017221 86.65236186981201 0.14022146074367475
880 880 0.17733507235575538 87.66995143890381 0.1401427305630624
890 890 0.17434326226077163 88.63981699943542 0.13965189556089233
900 900 0.17348607748338474 89.60381507873535 0.1395098303879569
910 910 0.17047755830762634 90.628005027771 0.14009768951337492
920 920 0.1684761779535278 91.57903337478638 0.13995230205106574
930 930 0.18347458406391126 92.53410792350769 0.14044948662321888
940 940 0.17463413612476242 93.48535966873169 0.1401285320558438
950 950 0.18541384801256328 94.47801733016968 0.14092828102720031
960 960 0.17754614013214343 95.50713920593262 0.14000586622264566
970 970 0.17673276437195753 96.4934356212616 0.14018912312226264
980 980 0.18047252102346434 97.4954719543457 0.13995737551074558
990 990 0.1777186691060451 98.52847933769226 0.13996045336651056
1000 1000 0.17992080280954192 99.5838840007782 0.14013172726458115
