0 0 1.7606581689915024 0.7195403575897217 1.0
10 10 0.0627917887715187 7.50381326675415 0.9664205975241541
20 20 0.018403704630126555 13.979387283325195 0.9823863837976277
30 30 0.023028240503658107 21.1293785572052 0.4282395607351175
40 40 0.02197106445279154 29.053903818130493 0.4156047055206316
50 50 0.021462090385428984 36.75923752784729 0.41920784205611444
60 60 0.02249274487931599 44.56392812728882 0.4226720004427176
70 70 0.02044954848513278 52.29632902145386 0.4277980356778229
80 80 0.02052194297447106 60.18700575828552 0.43321026746869834
90 90 0.02104648635659198 68.1244146823883 0.43851786092998823
100 100 0.02091799713396214 75.58926439285278 0.4383867773951916
110 110 0.02108483128935172 82.97199201583862 0.4370026655896376
120 120 0.021207347937451354 90.70931887626648 0.43539554230902505
130 130 0.020694804685621918 98.63445520401001 0.4340466124739122
140 140 0.0206905472932207 106.17257499694824 0.43254197000426736
150 150 0.021350231021766378 113.9180748462677 0.43086976130704124
160 160 0.021570841032541976 121.3995635509491 0.4290937696823169
170 170 0.020099328693007984 128.99079060554504 0.42833621842815983
180 180 0.020267867671104056 136.60681176185608 0.42727321886062014
190 190 0.02061777187517995 144.37133884429932 0.4248889723491802
200 200 0.02070531490302624 152.02421879768372 0.422439884368034
210 210 0.02021140115192907 159.47928142547607 0.420315092018155
220 220 0.020902862046853002 167.19056296348572 0.4513273039175473
230 230 0.020863473528143897 174.97311091423035 0.45448602749264155
240 240 0.02029549143124436 182.5672082901001 0.4576045234726506
250 250 0.020764761661447695 190.22578597068787 0.4602854744572633
260 260 0.02079858313495271 197.84941959381104 0.4632768166391288
270 270 0.020150254573795157 205.5513253211975 0.46684824391437724
280 280 0.02121245389361924 213.23863172531128 0.4694872035650741
290 290 0.0211851503332859 220.89536547660828 0.4727055226414986
300 300 0.020474121351617497 228.4349365234375 0.5816160984963424
310 310 0.021261350109914326 236.14877009391785 0.47569551716598635
320 320 0.020366893757281596 243.75558376312256 0.4804912893016879
330 330 0.02255550683528837 251.5369734764099 0.4844563706317705
340 340 0.021629989443852624 259.21628069877625 0.48606681925360845
350 350 0.020997016442532282 266.8812325000763 0.4911414555050127
360 360 0.02163597767226673 274.3041422367096 0.4918656812500457
370 370 0.021660470373310856 281.8317584991455 0.4960045915477893
380 380 0.021824094594915758 289.1309106349945 0.49865624117119794
390 390 0.02238887396393309 296.5824477672577 0.5016406264225102
400 400 0.021246849254713762 304.187175989151 0.5054715106015956
410 410 0.021902143837619972 311.8340713977814 0.5063554508117015
420 420 0.02121577784699738 319.4629726409912 0.5107617514242135
430 430 0.021804447877574837 327.0007679462433 0.5126499261276284
440 440 0.021253726337957732 334.66502571105957 0.516066038430958
450 450 0.022328524150701495 342.3979506492615 0.5200507829236286
460 460 0.021864228732949256 350.1247673034668 0.5207221689361441
470 470 0.02171196360752213 357.7314975261688 0.5247285211210962
480 480 0.02289106163478269 365.2221415042877 0.5263099782170203
490 490 0.021041064234070733 373.0000729560852 0.5297587590755292
500 500 0.02063394522557778 380.7363712787628 0.5332191201804171
510 510 0.022300868420163614 388.35079979896545 0.5346249550900081
520 520 0.02254805981934717 395.8413577079773 0.53843219062625
530 530 0.022941634479953635 403.40414023399353 0.5397455086960945
540 540 0.022513008317093908 410.9098663330078 0.5430926130481657
550 550 0.02302760828804691 418.44639778137207 0.5464518966806042
560 560 0.021783169724080398 426.0972454547882 0.5479626662676671
570 570 0.021398677428445437 433.5296950340271 0.5518401837377765
580 580 0.021884339320831378 441.1184904575348 0.5530863606060097
590 590 0.022144602712402497 448.6816029548645 0.5565548105258243
600 600 0.02149073195259292 456.04967045783997 0.5593918182361219
610 610 0.02252203641465937 463.61602878570557 0.5614040885733066
620 620 0.02338819040825539 471.19662618637085 0.5651495160373231
630 630 0.023670463552470794 478.7369427680969 0.566113071441373
640 640 0.0219382219244683 486.40122628211975 0.5695031275883938
650 650 0.022072000310396814 493.869038105011 0.572170779307357
660 660 0.02314777316669696 501.4787845611572 0.5749862540942797
670 670 0.021936517700763936 508.90326046943665 0.5789456243802904
680 680 0.021258864358858584 516.4866490364075 0.5794783875893751
690 690 0.020859578674425117 524.1215827465057 0.5831091205533625
700 700 0.021681241900224454 531.778529882431 0.5852508073929209
710 710 0.021308616202144928 539.4860997200012 0.5883947357757634
720 720 0.02100871438125443 547.1402847766876 0.592236743671136
730 730 0.02232775214514761 554.9055967330933 0.5935621422194293
740 740 0.02295297053445261 562.4760618209839 0.5967437764544856
750 750 0.023304186811344205 570.0474538803101 0.599294849095611
760 760 0.02175650648279419 577.6472637653351 0.6028298483662586
770 770 0.02170024045462622 585.3191397190094 0.6059351560543161
780 780 0.022229697622395697 592.9109559059143 0.6071625739815413
790 790 0.020894192724154298 599.7331955432892 0.6105712820170534
800 800 0.02109291633300152 606.5692329406738 0.6131883895680889
810 810 0.02095231430571838 613.4348175525665 0.6159320882689849
820 820 0.020892925737454715 620.2372441291809 0.6191210563244539
830 830 0.021362768841052954 627.210526227951 0.6214435126307077
840 840 0.023245300043533465 634.2614912986755 0.6255162930125977
850 850 0.021563949017622333 641.2936704158783 0.6279278640385788
860 860 0.021044178701555297 648.3823063373566 0.6307590206818963
870 870 0.02177366773125032 654.8481278419495 0.6350032207817086
880 880 0.022901869328924587 661.4779717922211 0.637375678484806
890 890 0.022049667812120657 667.3677334785461 0.6415413837008034
900 900 0.021687033495469812 673.3106215000153 0.644215686943422
910 910 0.021890325166763966 679.1929309368134 0.6475017184137404
920 920 0.02282101683667606 685.0767951011658 0.6510447133412124
930 930 0.021743706638961455 690.9497971534729 0.6539883641506244
940 940 0.021158813080447286 696.8294899463654 0.658409258021483
950 950 0.020871179781103782 702.6974215507507 0.6608347356368649
960 960 0.02155708315945966 708.625759601593 0.6657467229651038
970 970 0.023187378668103165 714.4728047847748 0.6684399165673908
980 980 0.022287444190921754 719.9144706726074 0.6730426756819502
990 990 0.022111894710363858 725.2340090274811 0.6769598455903851
1000 1000 0.022234611023839376 730.2730121612549 0.6803916424217467
