0 0 1.7025671957671964 0.1394045352935791 1.0
10 10 0.05842192434981411 1.028414011001587 1.7341670948096923
20 20 1.5140666498325572e-14 1.880873441696167 1.9999999999989646
30 30 1.522393322517246e-14 2.7643821239471436 1.9999999999983813
40 40 1.529332216421153e-14 3.73887038230896 1.9999999999977982
50 50 1.51684220739412e-14 4.6192803382873535 1.9999999999972147
60 60 1.5237811012980274e-14 5.466993093490601 1.9999999999966314
70 70 1.519617764955683e-14 6.3205883502960205 1.9999999999960483
80 80 1.5140666498325572e-14 7.176400423049927 1.9999999999954647
90 90 1.5154544286133387e-14 8.065996170043945 1.9999999999948814
100 100 1.5140666498325572e-14 9.002687692642212 1.9999999999942981
110 110 1.5182299861749016e-14 9.846952199935913 1.999999999993715
120 120 1.5140666498325572e-14 10.701898574829102 1.9999999999931313
130 130 1.522393322517246e-14 11.643515348434448 1.9999999999925484
140 140 1.5140666498325572e-14 12.532636404037476 1.9999999999919646
150 150 1.5154544286133387e-14 13.437550067901611 1.9999999999913813
160 160 1.5182299861749016e-14 14.28537893295288 1.999999999990798
170 170 1.51684220739412e-14 15.266121625900269 1.9999999999902147
180 180 1.522393322517246e-14 16.168834447860718 1.9999999999896314
190 190 1.5112910922709943e-14 17.073208570480347 1.9999999999890479
200 200 1.5182299861749016e-14 17.928296327590942 1.9999999999884648
210 210 1.5154544286133387e-14 18.78700613975525 1.9999999999878815
220 220 1.5210055437364645e-14 19.65248441696167 1.9999999999872982
230 230 1.519617764955683e-14 20.54049324989319 1.9999999999867148
240 240 1.51684220739412e-14 21.450793027877808 1.9999999999861315
250 250 1.5237811012980274e-14 22.28186845779419 1.9999999999855482
260 260 1.522393322517246e-14 23.10448169708252 1.9999999999849647
270 270 1.519617764955683e-14 23.919130563735962 1.9999999999843814
280 280 1.5140666498325572e-14 24.748289108276367 1.999999999983798
290 290 1.5112910922709943e-14 25.57550859451294 1.9999999999832145
300 300 1.51684220739412e-14 26.399502992630005 1.9999999999826312
310 310 1.522393322517246e-14 27.29439687728882 1.999999999982048
320 320 1.522393322517246e-14 28.1678409576416 1.9999999999814648
330 330 1.5140666498325572e-14 29.038856506347656 1.9999999999808813
340 340 1.5182299861749016e-14 29.884693145751953 1.999999999980298
350 350 1.519617764955683e-14 30.7306010723114 1.9999999999797147
360 360 1.5251688800788088e-14 31.60611867904663 1.9999999999791316
370 370 1.5126788710517758e-14 32.50023818016052 1.9999999999785478
380 380 1.519617764955683e-14 33.37117791175842 1.999999999977965
390 390 1.509903313490213e-14 34.25399136543274 1.9999999999773816
400 400 1.5210055437364645e-14 35.1244113445282 1.9999999999767983
410 410 1.5140666498325572e-14 36.00046253204346 1.9999999999762146
420 420 1.5112910922709943e-14 37.000792026519775 1.9999999999756315
430 430 1.5182299861749016e-14 37.899181842803955 1.999999999975048
440 440 1.522393322517246e-14 38.7758686542511 1.9999999999744649
450 450 1.51684220739412e-14 39.64430618286133 1.9999999999738813
460 460 1.5154544286133387e-14 40.51492238044739 1.9999999999732982
470 470 1.522393322517246e-14 41.40090274810791 1.9999999999727147
480 480 1.519617764955683e-14 42.29852271080017 1.9999999999721316
490 490 1.522393322517246e-14 43.19667339324951 1.999999999971548
500 500 1.509903313490213e-14 44.104010581970215 1.999999999970965
510 510 1.5126788710517758e-14 44.980146169662476 1.9999999999703812
520 520 1.5154544286133387e-14 45.82156276702881 1.999999999969798
530 530 1.519617764955683e-14 46.681026458740234 1.9999999999692146
540 540 1.5279444376403717e-14 47.529178857803345 1.9999999999686313
550 550 1.51684220739412e-14 48.42933678627014 1.999999999968048
560 560 1.5251688800788088e-14 49.394779682159424 1.9999999999674651
570 570 1.5154544286133387e-14 50.336652755737305 1.9999999999668814
580 580 1.5237811012980274e-14 51.234646797180176 1.999999999966298
590 590 1.5154544286133387e-14 52.140278816223145 1.9999999999657148
600 600 1.522393322517246e-14 52.987231731414795 1.9999999999651317
610 610 1.51684220739412e-14 53.834128618240356 1.9999999999645481
620 620 1.5237811012980274e-14 54.673062562942505 1.9999999999639644
630 630 1.5279444376403717e-14 55.51250958442688 1.9999999999633815
640 640 1.51684220739412e-14 56.373324394226074 1.9999999999627982
650 650 1.522393322517246e-14 57.432852268218994 1.999999999962215
660 660 1.522393322517246e-14 58.392184257507324 1.9999999999616316
670 670 1.519617764955683e-14 59.330955028533936 1.999999999961048
680 680 1.5182299861749016e-14 60.2454400062561 1.9999999999604645
690 690 1.5140666498325572e-14 61.15245962142944 1.9999999999598814
700 700 1.5140666498325572e-14 62.057865142822266 1.9999999999592981
710 710 1.5210055437364645e-14 62.961530447006226 1.9999999999587148
720 720 1.5154544286133387e-14 63.86315083503723 1.9999999999581313
730 730 1.5182299861749016e-14 64.77735257148743 1.9999999999575482
740 740 1.5182299861749016e-14 65.67684650421143 1.9999999999569649
750 750 1.509903313490213e-14 66.57563495635986 1.9999999999563816
760 760 1.519617764955683e-14 67.47498893737793 1.9999999999557978
770 770 1.51684220739412e-14 68.37256002426147 1.999999999955215
780 780 1.5210055437364645e-14 69.30762076377869 1.9999999999546312
790 790 1.51684220739412e-14 70.22743082046509 1.9999999999540483
800 800 1.5210055437364645e-14 71.20873045921326 1.9999999999534646
810 810 1.519617764955683e-14 72.15854811668396 1.9999999999528817
820 820 1.519617764955683e-14 73.08190155029297 1.999999999952298
830 830 1.5182299861749016e-14 74.20173263549805 1.9999999999517146
840 840 1.5140666498325572e-14 75.13720655441284 1.9999999999511315
850 850 1.522393322517246e-14 76.27976298332214 1.999999999950548
860 860 1.5237811012980274e-14 77.25786781311035 1.9999999999499647
870 870 1.51684220739412e-14 78.18854665756226 1.9999999999493816
880 880 1.5251688800788088e-14 79.1296980381012 1.999999999948798
890 890 1.5112910922709943e-14 80.03850722312927 1.9999999999482148
900 900 1.5182299861749016e-14 81.16126942634583 1.9999999999476314
910 910 1.5126788710517758e-14 82.14946293830872 1.9999999999470484
920 920 1.5140666498325572e-14 83.13257479667664 1.9999999999464646
930 930 1.5154544286133387e-14 84.08568716049194 1.9999999999458817
940 940 1.5251688800788088e-14 85.03534531593323 1.999999999945298
950 950 1.519617764955683e-14 85.98935723304749 1.9999999999447147
960 960 1.5182299861749016e-14 86.94356966018677 1.9999999999441314
970 970 1.522393322517246e-14 87.89899063110352 1.999999999943548
980 980 1.5154544286133387e-14 88.84861969947815 1.9999999999429647
990 990 1.519617764955683e-14 89.82033777236938 1.9999999999423814
1000 1000 1.51684220739412e-14 90.8199679851532 1.9999999999417981
