0 0 1.7606581689915024 0.9054205417633057 1.0
5 10 0.2436688401143501 6.464474678039551 1.7035718138667466
10 20 0.056838684209003024 11.665215253829956 1.864351158202665
15 30 0.028587955466471665 17.259431838989258 1.9132593442775079
20 40 0.012916817087850405 22.76256561279297 1.9273564753198629
25 50 0.006896884595698025 28.360986471176147 1.932819069520393
30 60 0.004105950593125698 34.06881833076477 1.9353606088544468
35 70 0.00263899675293712 39.61633539199829 1.9366987718684148
40 80 0.0017953730480765456 45.19115662574768 1.937469047363056
45 90 0.0012762251612426362 50.71149396896362 1.937943319038319
50 100 0.0009394100377500686 56.231324911117554 1.9382511254603987
55 110 0.0007114176155909036 61.70103478431702 1.9384595291745381
60 120 0.0005516191120863712 67.37118148803711 1.9386056209052613
65 130 0.00043631039654289105 72.9409658908844 1.9387110506453333
70 140 0.00035102581650696407 78.32343554496765 1.938789034814745
75 150 0.0002865960447939603 83.90405344963074 1.9388479528746663
80 160 0.00023701698273101424 89.48797154426575 1.938893292681198
85 170 0.00019824495033900214 95.07527565956116 1.938928750723656
90 180 0.00016748874618079113 100.42404508590698 1.93895687881262
95 190 0.00014277943680572613 106.01215171813965 1.938979477158298
100 200 0.00012270107210671233 111.51794242858887 1.9389978404568966
105 210 0.0001062176514185359 116.85141730308533 1.9390129160405114
110 220 9.255930317092487e-05 122.46818780899048 1.939025407918754
115 230 8.114582292068073e-05 127.78863334655762 1.9390358466780755
120 240 7.153432217230082e-05 133.21057295799255 1.9390446373433454
125 250 6.338276103265428e-05 138.48156094551086 1.9390520927198835
130 260 5.642414223210046e-05 143.9424135684967 1.939058456989068
135 270 5.044798431701192e-05 149.32156419754028 1.9390639226490078
140 280 4.5286843194367044e-05 154.93572115898132 1.9390686428395363
145 290 4.080638569325945e-05 160.4228127002716 1.9390727404194514
150 300 3.6897995815771134e-05 165.77010679244995 1.9390763147279246
155 310 3.3473209274020865e-05 171.06600761413574 1.9390794466741068
160 320 3.0459483037217905e-05 176.5238652229309 1.939082202605951
165 330 2.779695016007222e-05 182.07414388656616 1.93908463727803
170 340 2.5435909069879137e-05 187.51828622817993 1.9390867961477043
175 350 2.333486547724528e-05 192.95638608932495 1.939088717165917
180 360 2.145899374988991e-05 198.33352613449097 1.9390904321843774
185 370 1.9778919305796228e-05 203.87138605117798 1.939091968069161
190 380 1.8269748599947233e-05 209.32481336593628 1.9390933475878778
195 390 1.6910291473618e-05 214.76691460609436 1.9390945901209111
200 400 1.5682433993344236e-05 220.09965777397156 1.9390957122350219
205 410 1.4570629791738066e-05 225.8917419910431 1.9390967281485754
210 420 1.3561485306998189e-05 231.3427255153656 1.9390976501108896
215 430 1.264341985765527e-05 236.7301697731018 1.9390984887131384
220 440 1.1806385703111433e-05 241.85468864440918 1.9390992531443925
225 450 1.1041636435074609e-05 247.23833346366882 1.9390999514034557
230 460 1.0341534514637929e-05 252.57118439674377 1.9391005904749
235 470 9.699390664960617e-06 257.98278546333313 1.939101176475963
240 480 9.109329307130376e-06 263.26429772377014 1.9391017147796237
245 490 8.566175386970354e-06 268.55381774902344 1.9391022101181206
250 500 8.065358837475167e-06 273.9041254520416 1.9391026666703324
255 510 7.602833647021856e-06 279.3365468978882 1.9391030881358013
260 520 7.175009068965954e-06 284.79832196235657 1.9391034777976557
265 530 6.7786909598854805e-06 290.17083954811096 1.9391038385762622
270 540 6.4110315994569955e-06 295.77766275405884 1.9391041730751262
275 550 6.06948663747775e-06 301.27638387680054 1.9391044836202687
280 560 5.751778049123413e-06 306.69383478164673 1.93910477229411
285 570 5.455862170669623e-06 312.16495752334595 1.9391050409647077
290 580 5.179902045238105e-06 317.52108216285706 1.9391052913110496
295 590 4.922243437066598e-06 322.7764081954956 1.939105524844993
300 600 4.68139397370726e-06 328.2098364830017 1.9391057429303438
305 610 4.456004964514815e-06 333.63401651382446 1.9391059467994831
310 620 4.2448555191143544e-06 338.9023697376251 1.939106137567899
315 630 4.046838637722372e-06 344.17805790901184 1.939106316246905
320 640 3.860949006784242e-06 349.73809361457825 1.9391064837548044
325 650 3.686272266448243e-06 355.200532913208 1.939106640926707
330 660 3.5219755529225516e-06 360.6759159564972 1.9391067885231803
335 670 3.367299149001357e-06 366.14864468574524 1.9391069272378854
340 680 3.221549096724119e-06 371.419842004776 1.939107057704335
345 690 3.0840906527912493e-06 376.8178026676178 1.9391071805018798
350 700 2.9543424748534886e-06 382.20734429359436 1.939107296161025
355 710 2.8317714544506822e-06 387.5140333175659 1.9391074051681572
360 720 2.7158881105715516e-06 392.8406271934509 1.9391075079697584
365 730 2.6062424812178797e-06 398.17372965812683 1.9391076049761613
370 740 2.5024204505785796e-06 403.55430126190186 1.9391076965649139
375 750 2.404040460229906e-06 409.0398006439209 1.9391077830837815
380 760 2.31075056321417e-06 414.5638177394867 1.939107864853445
385 770 2.2222257752696484e-06 419.82440280914307 1.939107942169925
390 780 2.138165697412875e-06 425.3588321208954 1.9391080153067521
395 790 2.0582923716400137e-06 430.99907875061035 1.9391080845169308
400 800 1.9823483498881966e-06 436.43558382987976 1.9391081500347056
405 810 1.9100949501110742e-06 441.9213421344757 1.9391082120771568
410 820 1.8413106784714861e-06 447.38038325309753 1.9391082708456417
415 830 1.7757898039538755e-06 452.74177384376526 1.9391083265271012
420 840 1.7133410640246538e-06 458.1788218021393 1.9391083792952397
425 850 1.6537864911680966e-06 463.53693747520447 1.9391084293116028
430 860 1.5969603478632743e-06 468.8638913631439 1.9391084767265492
435 870 1.5427081568181178e-06 474.3799247741699 1.939108521680137
440 880 1.4908858178702689e-06 479.72046279907227 1.9391085643029342
445 890 1.441358804490922e-06 485.17029881477356 1.9391086047167496
450 900 1.394001429927405e-06 490.674250125885 1.9391086430353084
455 910 1.3486961760317273e-06 496.08189368247986 1.9391086793648642
460 920 1.3053330814583042e-06 501.5788333415985 1.9391087138047554
465 930 1.2638091802935625e-06 507.014844417572 1.9391087464479266
470 940 1.224027988688814e-06 512.4492156505585 1.9391087773813889
475 950 1.1858990327101582e-06 517.8933522701263 1.9391088066866584
480 960 1.1493374174886828e-06 523.3350863456726 1.9391088344401484
485 970 1.1142634288863196e-06 528.9679615497589 1.9391088607135318
490 980 1.080602169453715e-06 534.6833877563477 1.9391088855740781
495 990 1.0482832205893633e-06 540.3117907047272 1.9391089090849574
500 1000 1.0172403350355852e-06 545.870863199234 1.9391089313055268
