0 0 1.7025671957671964 0.1492328643798828 1.0
10 10 0.10051303334399304 1.2173852920532227 0.08317202888217218
20 20 0.02392364260720639 2.272958993911743 0.7831654012813838
30 30 0.005616069129953868 3.307889223098755 0.005519628010190506
40 40 0.0004646486619436646 4.360707521438599 0.7996855064370255
50 50 0.00010466638954892415 5.417333364486694 0.00015339405382920897
60 60 5.574174561401302e-06 6.463394403457642 0.7999990904432838
70 70 5.935760539602097e-06 7.486868143081665 5.40963755940327e-06
80 80 5.696026350976435e-06 8.503480434417725 5.409635647307889e-06
90 90 5.49743358171928e-06 9.529205322265625 5.409633674252663e-06
100 100 3.0808257219516744e-06 10.553247213363647 3.798639547466624e-06
110 110 3.116630984317803e-06 11.572233200073242 3.263493417005697e-06
120 120 2.806843241970336e-06 12.58901858329773 2.704823359092387e-06
130 130 3.2397924319416127e-06 13.591377019882202 2.704825671286641e-06
140 140 1.512526025773675e-06 14.590668201446533 1.7810467738418257e-06
150 150 1.3069189752773491e-06 15.598917961120605 0.7999997730352376
160 160 1.3098286684026794e-06 16.61927890777588 1.3524149880600524e-06
170 170 7.075039141074546e-07 17.648576021194458 8.312238624454333e-07
180 180 7.54623053780823e-07 18.666637182235718 6.762080202277844e-07
190 190 3.3111809250030433e-07 19.66671395301819 0.799999817981447
200 200 3.3000351247480797e-07 20.675134658813477 3.6379464138299633e-07
210 210 4.080428540054193e-07 21.690640211105347 3.3810417479017273e-07
220 220 1.7992250365972406e-07 22.699880838394165 2.1421862483449102e-07
230 230 1.7105278748985597e-07 23.70384168624878 1.6905212054580205e-07
240 240 7.989122342844102e-08 24.71569299697876 0.7999999858240281
250 250 8.136638522671102e-08 25.7276611328125 0.7999999858194179
260 260 9.223164101901382e-08 26.738401889801025 8.452607012859857e-08
270 270 4.974552693381984e-08 27.756187915802002 5.1239288989869164e-08
280 280 4.447435549004286e-08 28.760520219802856 4.226303702721627e-08
290 290 2.0226956651270278e-08 29.76924180984497 0.3173709501660884
300 300 2.291817902122517e-08 30.77618718147278 2.119087719159168e-08
310 310 2.3852309155580897e-08 31.778385877609253 2.1131519022389803e-08
320 320 1.2100539167891888e-08 32.76539635658264 1.2171068258690422e-08
330 330 1.049958422982833e-08 33.77276802062988 1.0565759735899309e-08
340 340 5.4348263389680795e-09 34.77665853500366 6.9401472007008745e-09
350 350 5.051968746117019e-09 35.76761841773987 6.9401472007008745e-09
360 360 3.1043154991028388e-09 36.763349771499634 3.774147719790528e-09
370 370 2.5803920944422742e-09 37.765018939971924 2.908415029628506e-09
380 380 2.81101858456978e-09 38.76303505897522 2.6414398705417383e-09
390 390 1.3019241934530967e-09 39.77654719352722 1.6066366855765874e-09
400 400 1.5930355923288175e-09 40.78491234779358 1.320719928545688e-09
410 410 7.254049583238498e-10 41.79491925239563 9.94836852408571e-10
420 420 7.57722037891817e-10 42.801347732543945 7.138994687182298e-10
430 430 7.287221104324004e-10 43.80546236038208 6.603602728717739e-10
440 440 6.403241131769377e-10 44.81144833564758 0.1284538657893642
450 450 7.757078313019861e-10 45.813847064971924 6.603602715472302e-10
460 460 6.847559186340391e-10 46.8141827583313 6.603602708720021e-10
470 470 7.925990974655406e-10 47.82519197463989 6.603602702089342e-10
480 480 6.425965592971039e-10 48.842002153396606 0.7999999998890583
490 490 6.599857327316272e-10 49.85768485069275 6.603602689075505e-10
500 500 6.724386325540621e-10 50.86802530288696 6.603602682608285e-10
510 510 7.422835124337723e-10 51.88116264343262 6.603602675762887e-10
520 520 6.851200995416917e-10 52.88191890716553 6.60360266928522e-10
530 530 7.635389820404015e-10 53.88018584251404 6.60360266253682e-10
540 540 7.074222180269985e-10 54.882838010787964 6.603602656461718e-10
550 550 7.808091118111093e-10 55.88618803024292 6.603602649885576e-10
560 560 7.533200729881173e-10 56.89665675163269 8.171306658318855e-10
570 570 6.549714520742711e-10 57.90232253074646 6.603602636246612e-10
580 580 8.240894494582207e-10 58.91765594482422 6.603602630266147e-10
590 590 7.88672918639044e-10 59.9282431602478 6.60360262374509e-10
600 600 6.717713746384746e-10 60.96111345291138 6.603602616743519e-10
610 610 6.388013451541497e-10 61.95682215690613 6.603602610177792e-10
620 620 6.338290725604878e-10 62.955153465270996 6.603602603626281e-10
630 630 7.792866629774409e-10 63.963706493377686 6.603602597218341e-10
640 640 7.980021088371814e-10 64.96773862838745 7.668851987898866e-10
650 650 7.070701385503142e-10 65.97604942321777 6.603602583849961e-10
660 660 7.49576928305018e-10 66.97562575340271 6.603602577203835e-10
670 670 7.198229790006394e-10 67.97611618041992 6.603602570652296e-10
680 680 7.318626538133088e-10 68.97464442253113 6.603602564621782e-10
690 690 6.491538001585084e-10 69.97876358032227 6.603602557439444e-10
700 700 7.341625640755467e-10 70.9867742061615 6.603602551129252e-10
710 710 6.426466164777267e-10 71.97991728782654 6.603602544702122e-10
720 720 6.996110496482189e-10 72.98114442825317 6.603602538476465e-10
730 730 6.931043655677982e-10 73.991614818573 6.603602531164695e-10
740 740 6.890223808175833e-10 74.9976921081543 6.603602524806834e-10
750 750 6.79287362470582e-10 76.00329065322876 6.603602518265904e-10
760 760 7.581175409665519e-10 77.00443458557129 6.60360251184676e-10
770 770 8.172624382796201e-10 78.00448679924011 6.603602505284094e-10
780 780 6.801118140886686e-10 79.00727391242981 6.603602498685595e-10
790 790 7.018506054112805e-10 80.01259398460388 7.041440161565749e-10
800 800 7.833445420102336e-10 81.02184677124023 7.367675057681842e-10
810 810 7.435548565748462e-10 82.02457904815674 6.603602479040678e-10
820 820 8.285423042098117e-10 83.02925181388855 6.603602472763094e-10
830 830 6.287541043370481e-10 84.029372215271 6.603602465791984e-10
840 840 7.801054385803141e-10 85.03076672554016 6.603602459424566e-10
850 850 7.609666091701328e-10 86.04007911682129 6.603602452580313e-10
860 860 6.512032996175421e-10 87.0386598110199 6.603602446175441e-10
870 870 7.310182598141424e-10 88.04514026641846 6.603602439830942e-10
880 880 7.087079395562412e-10 89.04944729804993 6.6036024334026e-10
890 890 6.295210880358226e-10 90.04841303825378 6.6036024334026e-10
900 900 6.958074533214287e-10 91.04756426811218 6.603602419603784e-10
910 910 7.514388278284656e-10 92.03842234611511 6.603602413195661e-10
920 920 6.774447114388238e-10 93.03207683563232 6.603602406483159e-10
930 930 6.869504270978766e-10 94.04081559181213 6.603602400269719e-10
940 940 7.369936050327652e-10 95.05004096031189 6.603602393883343e-10
950 950 7.306887733760092e-10 96.06216073036194 6.603602386965009e-10
960 960 7.483535874319713e-10 97.06419920921326 6.603602380373125e-10
970 970 6.914761124798829e-10 98.06815719604492 6.603602374146342e-10
980 980 6.810192410000582e-10 99.06777787208557 6.603602367096209e-10
990 990 7.577093813493363e-10 100.08831334114075 6.603602360602721e-10
1000 1000 7.417252922969908e-10 101.12825965881348 6.6036023541378e-10
