0 0 1.7025671957671964 0.1540238857269287 1.0
5 10 0.20981172067701687 1.5203335285186768 0.9823112652553533
10 20 0.07055580047805289 2.9257547855377197 0.9340980232032421
15 30 0.044072235207540875 4.576573610305786 0.8949597262275449
20 40 0.031407725493373756 6.318388223648071 0.8728642398422534
25 50 0.027939537719438454 7.74123477935791 0.8945106458692741
30 60 0.027649637520554243 9.156224250793457 0.956434533119313
35 70 0.02753905041687431 10.536885976791382 0.9455629708279456
40 80 0.02755147429816769 12.187935590744019 0.8693183816277149
45 90 0.02785583283453262 13.73779296875 0.8277478955121781
50 100 0.028248269572714882 15.27338719367981 0.8220098218683263
55 110 0.02852614810386099 16.86771821975708 0.8260469225305046
60 120 0.028663073947384876 18.343722105026245 0.8528520508135986
65 130 0.028787291216756453 19.84840202331543 0.884337814867278
70 140 0.029012197460827185 21.400234699249268 0.921982634814035
75 150 0.029292219835880387 22.874335050582886 0.9578556511354521
80 160 0.029475568681804717 24.461737871170044 0.9904547410716403
85 170 0.029472877760417418 25.96692180633545 1.0180314704317095
90 180 0.029339841604108532 27.48392415046692 1.0393045471477715
95 190 0.02920444313931872 28.948087692260742 1.0539952126298455
100 200 0.029147872505562028 30.498484134674072 1.062622550757903
105 210 0.029163306364227176 32.094178438186646 1.0664026643691025
110 220 0.029198358872808722 33.5514817237854 1.0813636483214426
115 230 0.029212236912244935 34.989065170288086 1.0962024172116955
120 240 0.029198764491460166 36.46510553359985 1.1092027066641619
125 250 0.029175241435560245 38.00551676750183 1.12048829298914
130 260 0.02916053894862472 39.50822687149048 1.130300261972518
135 270 0.029161713279129947 40.97064399719238 1.138925157696243
140 280 0.02917405492383922 42.39981245994568 1.1466135202682308
145 290 0.02918861893837496 43.92001700401306 1.1535341502946896
150 300 0.02919917607626271 45.43300271034241 1.1597725721462147
155 310 0.02920448520336809 46.98658323287964 1.1653541985239428
160 320 0.029206541210285736 48.48357033729553 1.1702721147106203
165 330 0.029207695962387134 49.97530794143677 1.174510629963699
170 340 0.02920899030967261 51.470261096954346 1.1780634247346777
175 350 0.029210205539191583 52.94751524925232 1.1809465842058324
180 360 0.02921076872265084 54.401214599609375 1.1832055450345518
185 370 0.02921046838993309 55.90824484825134 1.1849141552545737
190 380 0.029209563461589927 57.484363079071045 1.1861657188882506
195 390 0.029208496724976205 59.00049924850464 1.18705891306268
200 400 0.029207602477245673 60.55665993690491 1.1876834959182918
205 410 0.029207011313070463 62.002392053604126 1.1881103349560294
210 420 0.029206715988547252 63.51229119300842 1.1930288666472342
215 430 0.02920666860322385 64.97958397865295 1.1981370921898795
220 440 0.029206825655579666 66.48719620704651 1.202936821838128
225 450 0.029207140992372954 68.02553796768188 1.207446000826696
230 460 0.02920754857209376 69.51287198066711 1.2116816173631262
235 470 0.02920796603816722 71.04397487640381 1.215659744539491
240 480 0.02920831848700657 72.5401611328125 1.2193955788008501
245 490 0.0292085626250074 73.98402786254883 1.222903474713958
250 500 0.029208694677042388 75.42411923408508 1.226196977636468
255 510 0.029208740274698206 76.8815336227417 1.2292888568708107
260 520 0.02920873608549454 78.3593499660492 1.2321911412414386
265 530 0.02920871438146795 79.73862147331238 1.2349151574266166
270 540 0.02920869598518297 81.2243320941925 1.237471569918164
275 550 0.02920869056349884 82.71332836151123 1.2398704208464333
280 560 0.029208700230647755 84.23971724510193 1.24212116809156
285 570 0.029208723037262477 85.7058789730072 1.244232720712235
290 580 0.029208755056720548 87.15012383460999 1.2462134713580786
295 590 0.02920879142973401 88.61226463317871 1.2480713257830887
300 600 0.02920882716114724 90.05523562431335 1.2498137298229932
305 610 0.029208858048496003 91.54544997215271 1.2514476942980486
310 620 0.02920888157377577 93.05702018737793 1.252979818310974
315 630 0.029208897369236153 94.49781894683838 1.2544163113543907
320 640 0.02920890702023106 95.9454698562622 1.2557630145364032
325 650 0.029208913291696448 97.43647742271423 1.2570254210961458
330 660 0.029208919107358913 98.84740209579468 1.2582086962438013
335 670 0.029208926669527374 100.44088768959045 1.2593176962541959
340 680 0.029208936982741754 101.8873496055603 1.2603569866907653
345 690 0.029208949841795798 103.38477373123169 1.2613308596402686
350 700 0.029208964170066395 104.85607385635376 1.2622433498842645
355 710 0.029208978512595463 106.32020449638367 1.2630982499983354
360 720 0.02920899150133574 107.79064512252808 1.263899124432069
365 730 0.029209002178923582 109.19868803024292 1.264649322666475
370 740 0.029209010144276112 110.69472980499268 1.265351991564645
375 750 0.029209015538177605 112.159175157547 1.2660100870277564
380 760 0.0292090189139637 113.71511363983154 1.266626385048437
385 770 0.029209021046192427 115.1959490776062 1.267295051985014
390 780 0.029209022728551456 116.6731743812561 1.2679476637859033
395 790 0.029209024605136413 118.22028970718384 1.2685604204832956
400 800 0.029209027066144158 119.72699689865112 1.2691357441144104
405 810 0.029209030220366042 121.21574544906616 1.269675910840992
410 820 0.029209033936579226 122.61098217964172 1.2701830597008612
415 830 0.029209037930222476 124.10294699668884 1.2706592008237967
420 840 0.02920904186517817 125.62836694717407 1.2711062231291965
425 850 0.029209045443577566 127.09096479415894 1.2715259015344904
430 860 0.029209048466077234 128.60040068626404 1.2719199037113487
435 870 0.02920905085638395 130.04997944831848 1.2722897964300315
440 880 0.029209052653307893 131.5278217792511 1.2726370515308756
445 890 0.02920905397964116 132.98307156562805 1.2729630515569488
450 900 0.029209054999678657 134.4834041595459 1.273269095074961
455 910 0.029209055876863274 135.91729426383972 1.2735564017043004
460 920 0.02920905674063015 137.42997694015503 1.2738261168679994
465 930 0.029209057667772848 138.93333101272583 1.274079316275407
470 940 0.029209058679433172 140.41451501846313 1.2743170101446302
475 950 0.02920905975106662 141.92451691627502 1.2745401471730526
480 960 0.029209060830295286 143.4009509086609 1.2747496182658022
485 970 0.029209061856818458 144.87079501152039 1.2749462600340664
490 980 0.02920906277938362 146.36321902275085 1.2751308580769418
495 990 0.029209063566660004 147.8418369293213 1.2753041500615443
500 1000 0.029209064211000765 149.36661338806152 1.2754668286161803
