0 0 1.7025671957671964 280.87010431289673 1.0
5 10 1.6295336959138211 282.23209404945374 1.2132150327278035
10 20 1.557473856906292 283.62322187423706 1.2112079079831204
15 30 1.4246066227204381 285.0222330093384 1.1584301350907178
20 40 1.248797383955563 286.4169840812683 1.034986840295706
25 50 1.066933229806842 287.8125479221344 0.936563661907301
30 60 0.8694407048048924 289.2093734741211 0.9100122932986088
35 70 0.6722003286092852 290.6041419506073 0.9126834484104018
40 80 0.5087969447749805 292.0029740333557 0.9080477294290095
45 90 0.37747518395081703 293.413348197937 0.8732486290174121
50 100 0.28149407468126786 294.80866599082947 0.8060508735099929
55 110 0.21621291639073265 296.1918873786926 0.7373636267689991
60 120 0.16751787804443116 297.57971262931824 0.6719862161082999
65 130 0.12996288278663323 298.9654116630554 0.604172611949491
70 140 0.10380987261931772 300.35831809043884 0.5768908765254525
75 150 0.09510438969019339 301.74357318878174 0.6178400623623239
80 160 0.0906525508085397 303.1302216053009 0.6520510757074531
85 170 0.08642421981231661 304.5263423919678 0.6757651608499013
90 180 0.08274409548603778 305.92248702049255 0.692265748979425
95 190 0.0789246183294081 307.3273997306824 0.7042651412360882
100 200 0.07550907660752967 308.7423138618469 0.714782472031201
105 210 0.07465540861868887 310.2031526565552 0.7257223995854121
110 220 0.07129942712541164 311.627384185791 0.7409086150768995
115 230 0.06803227038407303 313.0329809188843 0.7583307871904118
120 240 0.06582638843815151 314.42784333229065 0.7749665333349506
125 250 0.06462485559619231 315.8263177871704 0.7906415404198689
130 260 0.06175229413097309 317.23424673080444 0.8053411648198887
135 270 0.05973899026635937 318.66221714019775 0.8194522405412801
140 280 0.05864291364377443 320.07973408699036 0.8328962001058201
145 290 0.0564438536250433 321.468777179718 0.8457252588772463
150 300 0.05583723165321082 322.8664536476135 0.8583043442257577
155 310 0.053565286452064265 324.25177693367004 0.870036388349406
160 320 0.05315987611804432 325.6344041824341 0.8821328028098704
165 330 0.05105005241533603 327.0442280769348 0.8966136318513086
170 340 0.0506690636801838 328.42079997062683 0.9105044519988738
175 350 0.048645826567048994 329.8041489124298 0.9233500084247072
180 360 0.04828093131781795 331.2034149169922 0.935717435187929
185 370 0.04692827336231978 332.5966305732727 0.9473786538516518
190 380 0.046134763784969654 334.00807642936707 0.9583110891250056
195 390 0.04597375444402056 335.39429450035095 0.9688910332682957
200 400 0.04410337003297038 336.81268882751465 0.9786014303132944
205 410 0.04384648982574216 338.20299077033997 0.9880771069243526
210 420 0.04228379674819778 339.60094594955444 0.9969615325953134
215 430 0.0418567995780028 340.98971486091614 1.0054733197687957
220 440 0.04174940469874992 342.3761463165283 1.0137436513293108
225 450 0.04017747738246988 343.78685307502747 1.0214188667218638
230 460 0.0398810662411052 345.1768989562988 1.0288599535421765
235 470 0.039796364250964014 346.5851340293884 1.0360668405177518
240 480 0.03821019098880157 347.9680919647217 1.0427271352516365
245 490 0.037985461195431044 349.3562994003296 1.0492730169103242
250 500 0.03793429122880741 350.7470278739929 1.0556168781017783
255 510 0.036434939120152374 352.14318656921387 1.0614932609996202
260 520 0.03621780835180888 353.53552293777466 1.0672770906512212
265 530 0.036158656104381195 354.9102349281311 1.07289511664751
270 540 0.034815547510374314 356.2927794456482 1.0781413630390277
275 550 0.0345652351779777 357.67224764823914 1.0832572954613784
280 560 0.034471399545754455 359.0520443916321 1.0882554364604164
285 570 0.0344969366022754 360.43977880477905 1.0930791441586674
290 580 0.033089671297137885 361.821031332016 1.0975383598688366
295 590 0.03291002229700239 363.2047905921936 1.101971992034236
300 600 0.03286139920094111 364.6028587818146 1.1062839805500437
305 610 0.03176579529352083 366.04581451416016 1.11035904519217
310 620 0.031468137788945555 367.43355679512024 1.1142938677592609
315 630 0.03134530641761761 368.8216550350189 1.1181733660516746
320 640 0.031337503553012305 370.20251750946045 1.121942439155404
325 650 0.030303496291184395 371.61501836776733 1.125508646342177
330 660 0.030016095271190008 373.0039584636688 1.1289496740443445
335 670 0.02988941361933789 374.393630027771 1.132345562888951
340 680 0.02987445386457717 375.8019931316376 1.1356503971609402
345 690 0.029114490631895168 377.20691180229187 1.1388112100626566
350 700 0.028663203674596766 378.6103284358978 1.1418248294005504
355 710 0.028519597442670255 379.99933791160583 1.1448152566394514
360 720 0.028479031800611912 381.38562965393066 1.147737075293357
365 730 0.028513949207513656 382.7655165195465 1.1505760219367123
370 740 0.027416379705424085 384.1676559448242 1.1532408788489765
375 750 0.027244611211042977 385.577867269516 1.1558816330944612
380 760 0.027160390255320077 386.9763376712799 1.1584805966621132
385 770 0.027167159276184988 388.37156796455383 1.161014823166767
390 780 0.02648024323073979 389.7582585811615 1.1634504584227428
395 790 0.0260744649112397 391.1412627696991 1.165777978324271
400 800 0.025940322625027296 392.52866220474243 1.1680955801987234
405 810 0.025892821729113794 393.94903206825256 1.170368292995212
410 820 0.025917542459171466 395.3666982650757 1.172585673040139
415 830 0.025960720491219308 396.7428734302521 1.1747407640313556
420 840 0.02470416444092341 398.137668132782 1.1767588913102873
425 850 0.024517560220848236 399.63210010528564 1.1788111570983215
430 860 0.024432601590300876 401.0699405670166 1.1808495904821286
435 870 0.024446105180219738 402.4872305393219 1.1828521567227799
440 880 0.02449925798486423 403.90571546554565 1.1848113208504025
445 890 0.02361480289319888 405.3168363571167 1.1866762777826307
450 900 0.023443511118418914 406.7141766548157 1.1884982202441083
455 910 0.02334501609562989 408.1148090362549 1.1903023486811404
460 920 0.023327783933875038 409.50912737846375 1.1920690979832644
465 930 0.02336189524229529 410.9085199832916 1.193796629909406
470 940 0.023400363087895962 412.28868079185486 1.1954796340252916
475 950 0.022454340006485357 413.6730463504791 1.1970665297998493
480 960 0.022320354000860576 415.0790503025055 1.198649888378741
485 970 0.022253910328098758 416.45510601997375 1.2002121980447347
490 980 0.0222585447754442 417.8376452922821 1.2017451339758536
495 990 0.022295773996974494 419.22325134277344 1.2032473183023689
500 1000 0.022327128304326455 420.61422657966614 1.204711946610768
