0 0 1.7020544130471098 1.512589693069458 1.451100276037476
3 9 1.5720734594844643 7.04163932800293 1.4043885439730128
6 18 1.4412368559180395 12.504114866256714 1.4085608251374573
9 27 1.3059429647019112 18.216217517852783 1.4314751777904284
13 39 1.1551161980486908 25.775780200958252 1.4461368271507289
16 48 1.0537803364648228 31.458534479141235 1.4527617333948903
19 57 0.960101388706881 37.132622957229614 1.4576407170892054
23 69 0.8442802381950265 44.58745837211609 1.461744589949728
26 78 0.7694854417208555 50.21553683280945 1.463696560885792
29 87 0.6993044833773401 55.87520360946655 1.4642401604056168
33 99 0.6166966336045488 63.332590103149414 1.4632810889194594
36 108 0.5630257025524421 68.93312001228333 1.4610260612447243
39 117 0.5136913059622487 74.52876377105713 1.4577788406635277
43 129 0.4583952800728818 81.98459029197693 1.455503091255841
46 138 0.42209445164670545 87.51871085166931 1.4537981944182865
49 147 0.38955778078073844 93.02742171287537 1.4520784372923743
53 159 0.351266876374719 100.58250975608826 1.4498983188838488
56 168 0.3254987018331423 106.39683127403259 1.4486239994295609
59 177 0.3022616344068688 112.03781628608704 1.4475026211797009
63 189 0.27460608179713397 119.60477566719055 1.4463167403530512
66 198 0.25608405896652264 125.20013236999512 1.445603248359354
69 207 0.2390691784133435 130.83706760406494 1.4450965413193781
73 219 0.21879928604422977 138.3555941581726 1.4445164364758307
76 228 0.20499860043924034 143.90352320671082 1.4442232204974674
79 237 0.19235933721063664 149.53594183921814 1.4439881778184618
83 249 0.17708087920685717 157.08270859718323 1.4437573977830471
86 258 0.1667042189234829 162.64709401130676 1.4436254200295922
89 267 0.15746001648429142 168.2199625968933 1.4435284603536043
93 279 0.14636915204429946 175.62800431251526 1.4434383278823564
96 288 0.1388704652600436 181.3673906326294 1.4433832910746165
99 297 0.13193079928656962 187.32080388069153 1.443342172857889
103 309 0.12348116683460164 195.0397186279297 1.4433018876435466
106 318 0.11782695713531305 200.5849997997284 1.4432803385149415
109 327 0.11269071071559039 206.11398243904114 1.4432612826718552
113 339 0.1063088432440951 213.50618243217468 1.4432439296550845
116 348 0.10185235696505875 219.06149649620056 1.4432346520629993
119 357 0.09766897441394795 224.62990474700928 1.4432271505301693
123 369 0.0924675860374222 232.02056980133057 1.4432197279213037
126 378 0.0888312527406559 237.49064135551453 1.443215423849099
129 387 0.08557282020922113 243.0040533542633 1.4432123075404455
133 399 0.08163004444410948 250.3267800807953 1.4432095129347198
136 408 0.07888324755621053 255.86455154418945 1.4432078083458912
139 417 0.07627334008956134 261.39479804039 1.4432066275327127
143 429 0.07299635790663889 268.809766292572 1.4432055292632708
146 438 0.07068391320714826 274.35995173454285 1.4432049479093283
149 447 0.06847737351501682 279.91569209098816 1.4432046481685596
153 459 0.06570841536772544 287.3005042076111 1.4432043558432561
156 468 0.0637498950599035 293.310919046402 1.44320422800158
159 477 0.061881434024686946 299.28649711608887 1.4432041815816186
163 489 0.0595254135208793 306.73621892929077 1.4432041952655497
166 498 0.057854292900723595 312.54452872276306 1.4432042312000106
169 507 0.05625679055108114 318.51262617111206 1.443204296526297
173 519 0.054232910968918885 325.9612398147583 1.4432044117768912
176 528 0.052796015546013306 331.4478096961975 1.4432044933017854
179 537 0.05141873928951057 336.9263801574707 1.443204581820728
183 549 0.049670844034399975 344.27972054481506 1.4432046984394251
186 558 0.048423506157821566 349.8158082962036 1.4432047815349205
189 567 0.047222050412786015 355.4074172973633 1.4432048663528285
193 579 0.045698483139051185 362.8364882469177 1.443204965909385
196 588 0.044603391003942214 368.31782269477844 1.4432050376721253
199 597 0.04355043979020162 373.8141887187958 1.4432051033744218
203 609 0.04220592084586876 381.37549090385437 1.4432051825605194
206 618 0.04124028606791208 387.3829731941223 1.443205235174883
209 627 0.04030752705910859 393.29492139816284 1.4432052825423243
213 639 0.03911167087398093 401.1737504005432 1.4432053366691564
216 648 0.03825225756193576 407.0769326686859 1.443205370766277
219 657 0.0374205075734306 412.9646713733673 1.4432053988050402
223 669 0.03635339639509637 420.8231198787689 1.4432054264369012
226 678 0.035582423811499356 426.945880651474 1.4432054391867872
229 687 0.03483796894584945 433.0601212978363 1.4432054471943963
233 699 0.03387962011574128 441.8262493610382 1.4432054448732428
236 708 0.033186156918563164 447.82029938697815 1.4432054330526352
239 717 0.03251466289090375 453.74129271507263 1.4432054141236272
243 729 0.0316508159530937 461.6093490123749 1.4432053745861582
246 738 0.031025155083875683 467.507773399353 1.44320533200988
249 747 0.030418672622349457 473.421982049942 1.4432052801554136
253 759 0.0296388417533434 481.2848436832428 1.4432051972075122
256 768 0.02907269149684072 487.2129247188568 1.4432051142954743
259 777 0.02852357736718883 493.13609886169434 1.443205019755333
263 789 0.02781597867521797 501.02847957611084 1.4432048688752683
266 798 0.027303472413959126 506.91928124427795 1.4432047391816893
269 807 0.026804377558683742 512.8314776420593 1.443204579958154
273 819 0.026162730391564012 520.7032973766327 1.443204353508961
276 828 0.02571141983405248 526.6029720306396 1.4432041464909022
279 837 0.02528054081028276 532.4897377490997 1.4432039194609374
283 849 0.024724382287694538 540.3808333873749 1.443203574548624
286 858 0.02432098587103855 546.3194086551666 1.4432032870127438
289 867 0.02392713895366687 552.220180273056 1.4432029484665487
293 879 0.02342093925361835 559.9721901416779 1.4432024742607286
296 888 0.02305197481684207 565.4356865882874 1.4432020560279235
299 897 0.02269339019791468 571.0221118927002 1.4432016039350621
303 909 0.022230315310135765 578.5384259223938 1.4432009337002418
306 918 0.021893333696662354 584.3465139865875 1.4432003654560035
309 927 0.02156649908816298 590.6397149562836 1.4431997761741184
313 939 0.021142913870325963 598.1926364898682 1.4431988775044666
316 948 0.02083450649068895 604.3383142948151 1.4431981222671195
319 957 0.02053458765081019 610.3362946510315 1.443197316595577
323 969 0.020146569348633625 618.2253906726837 1.4431961358424714
326 978 0.01986396206851279 624.1547663211823 1.4431951522694537
329 987 0.0195888647584556 630.0439736843109 1.443194106004058
333 999 0.019233520322343364 638.1697072982788 1.4431926190470266
