0 0 1.7606581689915024 0.634685754776001 1.0
10 10 0.21791344745301733 6.814553260803223 0.6381063431347632
20 20 0.20454148671416716 13.727704048156738 0.5815116067687047
30 30 0.21878433009672965 20.280385494232178 0.2987539594317738
40 40 0.21875859030567466 26.67858386039734 0.22984808536016044
50 50 0.21952619733964224 34.32758831977844 0.2273764702351856
60 60 0.22953964241720004 41.86380052566528 0.22494110259416136
70 70 0.2161752442224235 49.664724349975586 0.22248087204244607
80 80 0.2138457286093179 57.35641026496887 0.22003370137526315
90 90 0.21236963952003637 65.01882219314575 0.21753034549091574
100 100 0.2115330165133889 72.78378009796143 0.2149965622659059
110 110 0.2180536806310968 80.65024471282959 0.212476716860356
120 120 0.2156142535786315 88.46314525604248 0.2099267788103197
130 130 0.21912884298284285 96.12900257110596 0.20739017306475813
140 140 0.21341871058979778 103.85842275619507 0.2048246040864611
150 150 0.2109609830279319 111.51499032974243 0.2022465907932718
160 160 0.2173917239690598 119.24244165420532 0.1996644507508358
170 170 0.21868812900514173 126.95311069488525 0.19706256167192251
180 180 0.21618569853433056 134.94216322898865 0.19447245940617613
190 190 0.21878372160459897 142.68644762039185 0.19186356200861768
200 200 0.21889362570041004 150.51206493377686 0.18924141863644095
210 210 0.2182323584745551 157.94448113441467 0.18660909019495553
220 220 0.21645232056761013 165.64330887794495 0.1839483111364367
230 230 0.21481200730716205 173.32074546813965 0.1812951034048617
240 240 0.21453852375749893 180.70890426635742 0.17862547907187415
250 250 0.21662410975563084 188.46458506584167 0.17595479461937816
260 260 0.21178313642524585 195.99574065208435 0.17327481297489314
270 270 0.21656700827072423 203.50682711601257 0.17056365262835155
280 280 0.2123536360706636 211.10332226753235 0.1697529760862855
290 290 0.21747886562767982 218.70172119140625 0.1698028788029802
300 300 0.21812427068787277 226.32164239883423 0.18530506343095662
310 310 0.2133969965720347 234.00746154785156 0.1697344172490989
320 320 0.21533589593717148 241.51703596115112 0.1697988982611565
330 330 0.21576429707247263 248.91366267204285 0.16989629448965266
340 340 0.21238102792989758 256.7615866661072 0.1697210529788274
350 350 0.212129510575505 264.3228077888489 0.16973726338621406
360 360 0.2160635302702295 271.9788064956665 0.1698123687847011
370 370 0.212617899928335 279.6361873149872 0.1697360790719517
380 380 0.21009331123211766 287.1438548564911 0.16972932749391292
390 390 0.2228519807710232 294.52703523635864 0.16985786875469183
400 400 0.21181862468369494 301.7601110935211 0.16972365499081177
410 410 0.21002385347869337 309.13674211502075 0.16974551988329903
420 420 0.22239978499940793 316.8767113685608 0.16983902905944775
430 430 0.21159284726847216 324.56376791000366 0.16977550355737084
440 440 0.21089037207977918 332.3344736099243 0.1697161719529125
450 450 0.22089969629376488 340.0504732131958 0.1698529240429207
460 460 0.21072656521003935 347.7042553424835 0.16973968327941122
470 470 0.21012153404100326 355.1593987941742 0.16976012165588253
480 480 0.21940942725789536 362.6216423511505 0.16985254493077392
490 490 0.2116485220950443 370.19480895996094 0.16974604738438798
500 500 0.21018006370995806 378.0011293888092 0.16973851292744566
510 510 0.2190097413816177 385.7735815048218 0.16982870624886845
520 520 0.2123076244189943 393.3669514656067 0.1697659117289813
530 530 0.21027812132650875 400.89588952064514 0.1697199188696164
540 540 0.21952996406984104 408.4288592338562 0.1698815215445232
550 550 0.21292025601730913 416.28077006340027 0.1697500837723498
560 560 0.20876982240995523 423.9647967815399 0.16975424039087647
570 570 0.2195538470517998 431.778924703598 0.16984151488998717
580 580 0.2132591613544209 439.13816833496094 0.16970650990135705
590 590 0.20838541128731186 446.87638330459595 0.1697354330354359
600 600 0.22146604100288778 454.50372886657715 0.1698510308122985
610 610 0.2132107016289499 462.1241660118103 0.16985082851348315
620 620 0.20856751048965916 469.72940278053284 0.16973836458391142
630 630 0.22294823534891628 477.4120635986328 0.16986021119411807
640 640 0.21255744989189918 485.0539963245392 0.17001590226733065
650 650 0.2095428839635613 492.54517340660095 0.16971938516825374
660 660 0.22540595123106705 500.2655439376831 0.1844950919059539
670 670 0.2120580068194334 507.8326303958893 0.1700421785755685
680 680 0.2104275529447802 515.5133430957794 0.16972022967224779
690 690 0.22401362263483943 523.067672252655 0.18434826223977457
700 700 0.21063995878302866 530.6623203754425 0.17006862938480072
710 710 0.21144226297536284 538.1627357006073 0.1697216879546168
720 720 0.22543627070285183 545.6597139835358 0.1846560475221703
730 730 0.21068236714058203 553.3159370422363 0.170015468664751
740 740 0.21250551055927408 560.9135847091675 0.16974028332329189
750 750 0.22434818648147908 568.5278420448303 0.17466618334044381
760 760 0.20849531204969785 576.0973453521729 0.17009084000497784
770 770 0.21121902748209614 583.8045997619629 0.16971392452477882
780 780 0.22381407418049887 591.4270610809326 0.16987643459857654
790 790 0.21186395407597416 599.0512993335724 0.1697898217342659
800 800 0.21342007772750987 606.0202777385712 0.16973367045482432
810 810 0.2189230954109596 612.7608661651611 0.16994491409474033
820 820 0.21053001679060407 619.6332931518555 0.1697655919835863
830 830 0.21904561004815748 626.405775308609 0.1698202981272045
840 840 0.20995098907491716 633.1202626228333 0.17023362607781523
850 850 0.21619632733667687 640.0550904273987 0.16975271757310703
860 860 0.21169467427313474 646.9970147609711 0.16970317798642817
870 870 0.21781457976160465 653.9182415008545 0.17005218130442276
880 880 0.20735195127578818 660.8349983692169 0.1697660353322851
890 890 0.21997430213592317 667.2019422054291 0.1698469391610657
900 900 0.21457140117088386 673.5549554824829 0.17022479306527039
910 910 0.2107104194872247 679.3457977771759 0.16983855146414842
920 920 0.21979719947147752 685.177875995636 0.16971919012689957
930 930 0.21165021684142654 690.9758820533752 0.17020557535034136
940 940 0.21248897487219726 696.7726933956146 0.16986983240970097
950 950 0.22158077014390187 702.5612847805023 0.16973976690189274
960 960 0.21190367268817584 708.3315227031708 0.17016193983531208
970 970 0.20838071141039818 714.1020994186401 0.16993955556160723
980 980 0.2142313558046137 719.9891746044159 0.16982597502327065
990 990 0.21990455447554902 725.6225969791412 0.17000172224882912
1000 1000 0.21790036703574506 730.9850673675537 0.16971111463688354
