0 0 1.7025671957671964 0.134352445602417 1.0
5 10 0.20013385510957907 0.788095235824585 1.685892668033138
10 20 0.04712874286295429 1.4623494148254395 1.8789287568147817
15 30 0.023411390776605687 2.12170147895813 1.9097734852051826
20 40 0.010577904138274558 2.761343002319336 1.9185577897586452
25 50 0.00564803105980749 3.420034408569336 1.9219490615298733
30 60 0.0033624654955763666 4.099856615066528 1.9235245000910333
35 70 0.002161140355547611 4.751390218734741 1.924353385370563
40 80 0.001470275832337331 5.4612932205200195 1.9248303191138394
45 90 0.0010451326609841605 6.184564590454102 1.9251239060954213
50 100 0.000769306343680623 6.826474905014038 1.9253144183662019
55 110 0.0005825976545778822 7.5102808475494385 1.9254433941744236
60 120 0.0004517346687498841 8.190778255462646 1.925533800589288
65 130 0.0003573054815102922 8.87537407875061 1.9255990408975179
70 140 0.0002874638087547454 9.553183317184448 1.9256472961002153
75 150 0.00023470065942793328 10.22888708114624 1.925683752580653
80 160 0.00019409912716208955 10.92094349861145 1.9257118067362253
85 170 0.0001623477414219865 11.582477569580078 1.9257337461687043
90 180 0.00013716071763514304 12.240116119384766 1.9257511500166384
95 190 0.0001169256470204133 12.896656274795532 1.9257651322666411
100 200 0.00010048297266843087 13.589142560958862 1.9257764940664965
105 210 8.698428775820444e-05 14.270286321640015 1.9257858216047494
110 220 7.579912523189569e-05 14.930204629898071 1.9257935504993289
115 230 6.645234117884369e-05 15.63269853591919 1.9258000090546805
120 240 5.858124314854496e-05 16.375266551971436 1.9258054478798876
125 250 5.190572612864819e-05 17.06632399559021 1.9258100605211323
130 260 4.6207139386453266e-05 17.78444480895996 1.9258139980626114
135 270 4.131311440254415e-05 18.470587253570557 1.925817379609191
140 280 3.708652702673343e-05 19.1684787273407 1.9258202999128262
145 290 3.341736847017884e-05 19.870906829833984 1.9258228349892617
150 300 3.0216690378906397e-05 20.58628487586975 1.9258250463017252
155 310 2.741204713849199e-05 21.272581577301025 1.9258269839101425
160 320 2.4944031449120052e-05 21.955333471298218 1.9258286888649663
165 330 2.276361677350236e-05 22.655200958251953 1.9258301950434962
170 340 2.0830101252672373e-05 23.360431671142578 1.9258315305706066
175 350 1.9109504176675896e-05 24.012387990951538 1.9258327189267757
180 360 1.7573305965329356e-05 24.66710066795349 1.9258337798187588
185 370 1.6197451039687283e-05 25.316975116729736 1.9258347298686023
190 380 1.496155345383221e-05 25.96290683746338 1.9258355831625618
195 390 1.3848260057555684e-05 26.606266021728516 1.9258363516911596
200 400 1.2842736898679985e-05 27.25046396255493 1.9258370457040905
205 410 1.1932252668364618e-05 27.897027730941772 1.9258376739980645
210 420 1.1105839044123211e-05 28.554855823516846 1.9258382441515183
215 430 1.0354012317262407e-05 29.240055799484253 1.9258387627169773
220 440 9.668544141361313e-06 29.91965627670288 1.9258392353794676
225 450 9.042271864503904e-06 30.782637119293213 1.9258396670875915
230 460 8.468940915218326e-06 31.557115077972412 1.9258400621624319
235 470 7.943073277769108e-06 32.32099223136902 1.9258404243884473
240 480 7.459857293945493e-06 33.08188343048096 1.9258407570896185
245 490 7.015054982267843e-06 33.86439085006714 1.9258410631934957
250 500 6.60492380084865e-06 34.62706661224365 1.9258413452852585
255 510 6.2261503698535225e-06 35.415544271469116 1.9258416056535237
260 520 5.8757941371612166e-06 36.16180920600891 1.925841846329267
265 530 5.551239338666414e-06 36.93954873085022 1.925842069119022
270 540 5.2501539053034785e-06 37.727927446365356 1.9258422756332794
275 550 4.970454205235897e-06 38.50610566139221 1.9258424673108496
280 560 4.71027470676233e-06 39.291757583618164 1.925842645439825
285 570 4.467941802657749e-06 40.07127022743225 1.925842811175673
290 580 4.241951163372337e-06 40.82730507850647 1.925842965556881
295 590 4.030948093675102e-06 41.577836751937866 1.9258431095185324
300 600 3.833710452247341e-06 42.31772494316101 1.925843243904112
305 610 3.649133763147794e-06 43.01933240890503 1.9258433694757917
310 620 3.476218208467441e-06 43.790923833847046 1.9258434869234202
315 630 3.3140572384821043e-06 44.529309034347534 1.9258435968723933
320 640 3.1618275764672132e-06 45.25241827964783 1.9258436998905621
325 650 3.018780430893986e-06 45.976704120635986 1.9258437964943063
330 660 2.8842337485568414e-06 46.68837094306946 1.9258438871538845
335 670 2.7575653780281817e-06 47.594467639923096 1.9258439722981602
340 680 2.638207019817207e-06 48.58453559875488 1.9258440523187847
345 690 2.5256388666572427e-06 49.3903546333313 1.9258441275738982
350 700 2.4193848431469656e-06 50.17953276634216 1.92584419839142
355 710 2.3190083729140998e-06 50.996894121170044 1.9258442650719743
360 720 2.2241086082980255e-06 51.810256481170654 1.9258443278914932
365 730 2.1343170638482567e-06 52.62834405899048 1.9258443871035467
370 740 2.049294609618446e-06 53.426172494888306 1.9258444429414205
375 750 1.9687287782649276e-06 54.21958923339844 1.9258444956199714
380 760 1.8923313515328832e-06 54.996028661727905 1.9258445453373016
385 770 1.8198361916299532e-06 55.769678831100464 1.9258445922762535
390 780 1.7509972942975072e-06 56.55879497528076 1.9258446366057578
395 790 1.6855870327847633e-06 57.63235402107239 1.9258446784820424
400 800 1.6233945765997682e-06 58.40618395805359 1.9258447180497325
405 810 1.5642244626246082e-06 59.16191744804382 1.92584475544283
410 820 1.5078953046199217e-06 59.91557550430298 1.9258447907856102
415 830 1.4542386239657645e-06 60.695476770401 1.9258448241934298
420 840 1.403097790897423e-06 61.46446490287781 1.9258448557734558
425 850 1.3543270637322857e-06 62.21692442893982 1.925844885625332
430 860 1.3077907157349467e-06 62.93172240257263 1.925844913841781
435 870 1.2633622414048862e-06 63.656898498535156 1.9258449405091536
440 880 1.2209236336518936e-06 64.3631157875061 1.9258449657079257
445 890 1.1803647255448357e-06 65.0637321472168 1.925844989513159
450 900 1.1415825884597552e-06 65.75601768493652 1.925845011994909
455 910 1.104480984642775e-06 66.45582628250122 1.9258450332186112
460 920 1.0689698633492561e-06 67.16097831726074 1.925845053245424
465 930 1.0349649036539565e-06 67.86450672149658 1.9258450721325446
470 940 1.0023870919972921e-06 68.56720304489136 1.9258450899335062
475 950 9.71162337617959e-07 69.31234908103943 1.925845106698436
480 960 9.412211175868768e-07 70.0294361114502 1.9258451224743087
485 970 9.124981525249209e-07 70.72610640525818 1.9258451373051628
490 980 8.849321062320836e-07 71.41731286048889 1.925845151232314
495 990 8.584653118648422e-07 72.11065244674683 1.9258451642945422
500 1000 8.33043517417531e-07 72.81540513038635 1.9258451765282676
