0 0 1.7606581689915024 1102.529872894287 1.0
5 10 0.4241195219929611 1107.8896622657776 1.5592178085621824
10 20 0.1559866128224679 1113.191342830658 1.5524619530497874
15 30 0.1356469605290086 1118.4880576133728 1.5433840897160005
20 40 0.058503345441740254 1123.8851113319397 1.5366125816158205
25 50 0.04747792763665859 1129.317536830902 1.5326223322018158
30 60 0.028937925282303698 1134.558366060257 1.52818628855284
35 70 0.019245343801313167 1139.5851275920868 1.5236109606602293
40 80 0.021925157464995654 1144.6294174194336 1.5190160063723186
45 90 0.02795101944911281 1149.6744594573975 1.5144292208676242
50 100 0.026871819083274212 1154.7730884552002 1.5098492893467566
55 110 0.026421026278475424 1159.986492395401 1.5052703364315247
60 120 0.02503735751497481 1165.290629863739 1.5006887787953163
65 130 0.019799041985311988 1170.353012561798 1.4961032270797294
70 140 0.01932084990874125 1175.340236902237 1.4915122687121445
75 150 0.011044690764866388 1180.413594007492 1.4897440191354705
80 160 0.012215084720332475 1185.4914860725403 1.4884775048697196
85 170 0.013148612995453474 1190.5642218589783 1.48701757144675
90 180 0.020175971624231584 1195.897863149643 1.4853815508711374
95 190 0.03513703656004777 1201.0728707313538 1.48357185595554
100 200 0.04884380584828653 1206.1683900356293 1.4815796343555605
105 210 0.061366376908383646 1211.5065624713898 1.7838822316652292
110 220 0.0749608033340539 1216.5604979991913 1.930673112292619
115 230 0.0880960617731823 1222.2599976062775 1.9435500803328802
120 240 0.1004828559336926 1227.7932515144348 1.9298494928737977
125 250 0.11141605119162382 1233.6112368106842 1.9124347068612153
130 260 0.12107727757980556 1239.1223685741425 1.8920212867204842
135 270 0.131414439785014 1244.5288078784943 1.8679227470955215
140 280 0.14531017025626225 1250.1168022155762 1.8399754485584676
145 290 0.15802336453059354 1255.1823863983154 1.808170791810294
150 300 0.1676728887140423 1260.3000729084015 1.7720463610962847
155 310 0.15639630921929745 1265.45028591156 1.7300845939681877
160 320 0.0846517777201531 1270.829220533371 1.718456376933734
165 330 0.018024084392468845 1275.8564093112946 1.7290570969914103
170 340 0.017779902288077992 1281.281858921051 1.7339198017771298
175 350 0.017937565996137134 1286.461753129959 1.7362771051298824
180 360 0.0179348585651459 1292.130307674408 1.7374203140121016
185 370 0.017438718955190474 1297.450516462326 1.7379385009665316
190 380 0.016823955067039847 1302.5572810173035 1.7381216265531036
195 390 0.01663681349342408 1307.8975238800049 1.7381186841569491
200 400 0.01693117098046769 1313.2959747314453 1.738008582608344
205 410 0.017742703686000186 1318.8765499591827 1.7378340366805636
210 420 0.030176678004281365 1323.9599237442017 1.7376185192858125
215 430 0.040890618160141126 1329.1065471172333 1.7373752989562732
220 440 0.049610882147212154 1334.3178248405457 1.73711288345313
225 450 0.05559572595124934 1339.5613980293274 1.7368387222165054
230 460 0.05539335684831148 1344.8715481758118 1.7365612472509317
235 470 0.047247655068666766 1350.6239805221558 1.7362894150868848
240 480 0.03076159055991881 1355.7847871780396 1.7360300404317688
245 490 0.011571041508000868 1360.8505170345306 1.7357854378308986
250 500 0.011349569098868681 1366.1978423595428 1.7355536516597563
255 510 0.012101775592671449 1372.1771478652954 1.7353307170880214
260 520 0.012956874784063752 1378.3697037696838 1.7351129157216303
265 530 0.013665606018247525 1383.976267337799 1.7348979409881553
270 540 0.014088643634933368 1390.2991783618927 1.7346849902696737
275 550 0.013965350513921782 1396.434083223343 1.7344736442502908
280 560 0.013289372767233909 1402.9259462356567 1.734259029630978
285 570 0.016437001119489925 1409.6760733127594 1.7340371233233893
290 580 0.021837298310132924 1416.1145522594452 1.7338105271544342
295 590 0.025790076031939668 1422.4138617515564 1.7335810723071312
300 600 0.027004441783686564 1429.3583006858826 1.7333514176883904
305 610 0.02428450034739868 1436.4014270305634 1.733119439877692
310 620 0.019157064507881447 1442.8655507564545 1.7328932592536122
315 630 0.013541604700282692 1449.7893788814545 1.7326759144890205
320 640 0.009406266748736278 1456.8188436031342 1.7324624514426528
325 650 0.010040863794620256 1464.0005300045013 1.7322544839903746
330 660 0.011054993504243452 1471.0675539970398 1.732052558045537
335 670 0.011745602084366952 1478.0209124088287 1.7318545253213413
340 680 0.012801399767255875 1485.153710603714 1.7316628837917512
345 690 0.013886679351796868 1492.273452281952 1.731475236335956
350 700 0.014869713837320775 1499.1519548892975 1.7312896618169062
355 710 0.015891003200113718 1506.0926570892334 1.7311061087971604
360 720 0.018873187361643257 1513.0308134555817 1.7309241052549198
365 730 0.021650418788897993 1520.174796819687 1.7307439905554105
370 740 0.02355855284630834 1527.0497188568115 1.7305652418574473
375 750 0.024036758315211126 1533.9631597995758 1.7303871810692544
380 760 0.023620638082063078 1540.9627258777618 1.7302097016605757
385 770 0.02320960390815524 1548.0214800834656 1.7300328222634413
390 780 0.029773612232044916 1555.0607533454895 1.729856695388005
395 790 0.03636901232744405 1562.1471538543701 1.7296812606657115
400 800 0.04297373030172669 1569.3585736751556 1.7295064316780366
405 810 0.049729079835671375 1576.3770427703857 1.7293323721969285
410 820 0.05640021620163538 1583.4306886196136 1.7291594214591661
415 830 0.06321076114006279 1590.60591506958 1.7289879664724355
420 840 0.07006565223981415 1597.6840510368347 1.728818274491818
425 850 0.07686918229789967 1604.8027622699738 1.7286502321692245
430 860 0.0834686815609498 1611.445633649826 1.7284826237227908
435 870 0.08933798708535622 1617.6960544586182 1.7283142677537637
440 880 0.09296227684816047 1624.1178834438324 1.7281466582395384
445 890 0.09344194733244213 1630.574388742447 1.7279825354867469
450 900 0.09968030137597059 1636.4110085964203 1.7278241197201085
455 910 0.10583621036404758 1642.2467527389526 1.7276728163545438
460 920 0.11190300598288178 1648.2322454452515 1.7275291531570778
465 930 0.1179461131269257 1654.4111649990082 1.72739273886276
470 940 0.12375770370404253 1660.7013325691223 1.7272623924125265
475 950 0.1293137658834484 1666.8137934207916 1.7271365054554844
480 960 0.13484384897422014 1672.5231986045837 1.7270135042155967
485 970 0.13992755385149863 1678.2528955936432 1.7268921628244902
490 980 0.14567013610414614 1683.9450221061707 1.7267715404399855
495 990 0.14854116581595958 1689.7944955825806 1.7266500915844725
500 1000 0.13762827349336504 1695.532567024231 1.726523511946185
