0 0 1.7025671957671964 490.7657217979431 1.0
5 10 0.1967532597475348 491.8564097881317 1.4194381058515984
10 20 0.06728390231677644 492.9561049938202 1.4460285167539735
15 30 0.03092923761942591 494.04898834228516 1.4550793723808484
20 40 0.015961591504609268 495.1353180408478 1.4565832236451677
25 50 0.014479950420141538 496.2268559932709 1.4542726728067228
30 60 0.015404541427698024 497.3331832885742 1.4477552911377678
35 70 0.011825301259531296 498.4247829914093 1.435821002186658
40 80 0.009501752150392936 499.522935628891 1.4140557912923724
45 90 0.009202345728697034 500.6160945892334 1.3741713139287233
50 100 0.00854602018776389 501.72644686698914 1.3024497843276526
55 110 0.005627072714062098 502.8217782974243 1.176269171445208
60 120 0.004932005771306494 503.91540598869324 0.9999999680923499
65 130 0.005228774384116633 505.02073407173157 0.9999999580776817
70 140 0.005368690400184756 506.132447719574 1.212929637640769
75 150 0.005331867982923871 507.2548794746399 1.7262573832599801
80 160 0.005245614028180537 508.3552944660187 1.9195800187318515
85 170 0.0049690378131829055 509.4667983055115 1.9574516583463175
90 180 0.004534098995728847 510.5791118144989 1.9595817641249982
95 190 0.00392144038016233 511.6667356491089 1.9561003774969357
100 200 0.003890742219914478 512.7806439399719 1.9517306453462118
105 210 0.003969432530334105 513.8734958171844 1.9469839788138648
110 220 0.004033257573486923 514.9777314662933 1.9418908001717048
115 230 0.004074363880965659 516.0945904254913 1.9364415450568668
120 240 0.004096631231032127 517.1899483203888 1.9306196739281356
125 250 0.0038582004641439516 518.285037279129 1.924396393347754
130 260 0.0030811060304093557 519.3735847473145 1.9177146683781487
135 270 0.002589995093469008 520.4756104946136 1.9104546992064677
140 280 0.0023325400045338673 521.5643699169159 1.9023610105888005
145 290 0.0019144860675973097 522.6694655418396 1.8959607627441992
150 300 0.0015400938455595592 523.7591257095337 1.8879841174236653
155 310 0.0015502318635332024 524.8603410720825 1.8751479531061708
160 320 0.0015829387574376325 525.9980108737946 1.8521830828646086
165 330 0.001625816232181429 527.1821224689484 1.8085894466379178
170 340 0.0016584151542511222 528.3053901195526 1.7250478871192867
175 350 0.0016759866413406932 529.4155297279358 1.5715580256359312
180 360 0.0016728823201876686 530.5550203323364 1.463900994013879
185 370 0.001642682512745311 531.6627266407013 1.463735684284401
190 380 0.001595861657920486 532.7624025344849 1.4635714585744577
195 390 0.001567976363483839 533.8605492115021 1.4634083226090528
200 400 0.0015227702893535894 534.9543871879578 1.4632462819195304
205 410 0.0014643334159481075 536.0624535083771 1.4630853418361773
210 420 0.0013996047901926878 537.1695153713226 1.4629255074803829
215 430 0.0013620579958303625 538.258202791214 1.4627667837569007
220 440 0.0013398875624626855 539.352397441864 1.46260917534637
225 450 0.0013264657678437874 540.4453058242798 1.462452686698164
230 460 0.0013212652493385935 541.5348830223083 1.4622973220235989
235 470 0.0013224913912781994 542.6272723674774 1.462143085289533
240 480 0.0013278508445266346 543.7144649028778 1.4619899802123777
245 490 0.0013348844001491583 544.8211793899536 1.4618380102525352
250 500 0.001340912483428769 545.9322645664215 1.4616871786092913
255 510 0.0013427157955158142 547.024335861206 1.4615374882161611
260 520 0.0013360534696130327 548.118239402771 1.4613889417367156
265 530 0.0013151562184343102 549.2100734710693 1.4612415415608906
270 540 0.0012725254708721712 550.3076407909393 1.4610952898017902
275 550 0.0011997515144145099 551.394344329834 1.4609501882929892
280 560 0.0010903285838501087 552.4958226680756 1.4608062385863396
285 570 0.0009623574325032525 553.6040761470795 1.460663441950291
290 580 0.0008129430774733853 554.699818611145 1.4605217993687074
295 590 0.0006546967888360344 555.8063724040985 1.4603813115402045
300 600 0.0004660578110657898 556.9898564815521 1.4602836580150353
305 610 0.00037871633913473535 558.1614179611206 1.4602142525993052
310 620 0.0003263030315791976 559.3363797664642 1.4601451358848232
315 630 0.0003037723525403102 560.5096724033356 1.4600763078538754
320 640 0.00030932734660403527 561.6227700710297 1.4600077684710686
325 650 0.0003348153872937132 562.8110308647156 1.4599395176833776
330 660 0.00036710685368092355 563.9846606254578 1.4598715554201986
335 670 0.00040377018099653494 565.1524286270142 1.4598038815934151
340 680 0.00044322804072444155 566.2743833065033 1.4597364960974633
345 690 0.0004845008634034448 567.369796037674 1.4596693988094127
350 700 0.0005269970348257963 568.4787600040436 1.4596025895890465
355 710 0.0005703644829650745 569.5731682777405 1.4595360682789553
360 720 0.0006146441138170644 570.6720807552338 1.4594698347046315
365 730 0.000659364868257642 571.7774467468262 1.4594038886745768
370 740 0.0007045085529470557 572.8671000003815 1.459338229980408
375 750 0.0007500860908809248 573.9602694511414 1.4592728583969796
380 760 0.000796125077298454 575.0508697032928 1.459207773682502
385 770 0.0008426627741187631 576.1457374095917 1.4591429755786742
390 780 0.0008897381691949785 577.2465834617615 1.459078463810818
395 790 0.000937384696648072 578.3703346252441 1.4590142380880189
400 800 0.000985625114751365 579.471241235733 1.4589502981032754
405 810 0.001034469232128618 580.5658333301544 1.4588866435336478
410 820 0.0010839142622225406 581.6711115837097 1.4588232740404188
415 830 0.0011339469860017631 582.771312713623 1.4587601892692565
420 840 0.001184546733273964 583.8663902282715 1.458697388850382
425 850 0.0012356883491427828 584.9621407985687 1.4586348723987432
430 860 0.0012873446136318911 586.0669703483582 1.4585726395141925
435 870 0.0013394878870725685 587.1672780513763 1.4585106897816689
440 880 0.0013920909973694495 588.2646572589874 1.458449022771387
445 890 0.0014451275641259448 589.3655998706818 1.458387638039026
450 900 0.0014989145687914346 590.4760818481445 1.4583265351259274
455 910 0.0015531499717956893 591.575368642807 1.4582657135592931
460 920 0.0016076787973281492 592.6729781627655 1.458205172852388
465 930 0.0016624803083435252 593.7640917301178 1.4581449125047485
470 940 0.0017175381685498037 594.862911939621 1.4580849320023914
475 950 0.0017728443918026 595.9578447341919 1.458025230818028
480 960 0.0018284014740221344 597.0547008514404 1.4579658084112812
485 970 0.0018842216238335735 598.1576919555664 1.4579066642289022
490 980 0.0019403231081535216 599.2507655620575 1.457847797704997
495 990 0.001996724630715277 600.3481357097626 1.4577892082612471
500 1000 0.0020534387248482555 601.433388710022 1.4577308953071388
