0 0 1.7606581689915024 0.7127597332000732 1.0
5 10 0.44411477398431964 7.901395797729492 1.2738559067453603
10 20 0.1438496248270531 15.029862403869629 1.245423428420154
15 30 0.09437801948922464 22.08720374107361 1.2018182844727625
20 40 0.06608583414881919 29.149497270584106 1.152335001668743
25 50 0.06087601989548651 36.2257034778595 1.1387487628170367
30 60 0.056642530916184416 43.36346387863159 1.1253957543004807
35 70 0.05250607357846848 50.61812615394592 1.1086060076067141
40 80 0.04886915104322559 57.77929878234863 1.0880920360189281
45 90 0.04738150431618235 64.78493857383728 1.0683106738029173
50 100 0.04689081551966243 71.91141986846924 1.0545120299780208
55 110 0.04706855860428323 79.06260871887207 1.041866099330425
60 120 0.04724430125603013 86.1802306175232 1.0394238052530076
65 130 0.04734407829402565 93.36723685264587 1.0369399907050902
70 140 0.04755952668960997 100.46953082084656 1.0640929115288118
75 150 0.04792351769646777 107.53696799278259 1.0849813075027248
80 160 0.04828257671555786 114.62018465995789 1.1008104021760945
85 170 0.04849606810368269 121.85033440589905 1.113174115949553
90 180 0.04851889537806511 128.95021891593933 1.1289534175732532
95 190 0.04838529147211998 135.95430541038513 1.1500108218640928
100 200 0.048199741215406294 142.4695906639099 1.169169003702172
105 210 0.04808894781475799 148.95817399024963 1.1865113519078667
110 220 0.04811719190422821 155.4755048751831 1.2021230637603484
115 230 0.04824733786050217 162.00655484199524 1.2161366324163252
120 240 0.04838315609277806 167.95706486701965 1.2287240902143424
125 250 0.04844595001072363 173.9025068283081 1.2400597363572647
130 260 0.048420008493453265 180.01260924339294 1.250284939907303
135 270 0.04834472611879627 186.2800736427307 1.2594981771464788
140 280 0.04827547471077377 192.54073667526245 1.2677703773029787
145 290 0.04824709016646461 198.64762210845947 1.275167373751705
150 300 0.04826058021593464 204.41472721099854 1.2817625769082686
155 310 0.04829343983922792 210.18813037872314 1.287635745084112
160 320 0.04832011029779466 215.9913535118103 1.2928640283503492
165 330 0.04832742656865058 221.84693050384521 1.297514050120187
170 340 0.048317780754329936 227.81578612327576 1.3016401426278952
175 350 0.04830237046190701 233.3301558494568 1.305288141070093
180 360 0.04829182706307457 238.7349169254303 1.3085006606005152
185 370 0.04829045975876531 244.15016746520996 1.311320148739578
190 380 0.04829608915264938 249.55197930335999 1.3137886605495204
195 390 0.048303570555755015 254.92835545539856 1.3159457182553937
200 400 0.04830868968603738 260.3005139827728 1.318068102984854
205 410 0.04831009850400744 265.6139283180237 1.3206293823086162
210 420 0.0483089291672498 270.948942899704 1.322907639628237
215 430 0.048307183167253964 276.3044204711914 1.3249321295087244
220 440 0.04830627755430825 281.6588876247406 1.3267294895454365
225 450 0.04830650875006763 287.0324285030365 1.3283239540603444
230 460 0.04830736971281485 292.4550621509552 1.3297374546263778
235 470 0.04830818959616223 297.8317437171936 1.3309897014492074
240 480 0.048308593456114046 303.28193068504333 1.3320983223995486
245 490 0.04830859168407896 308.66558933258057 1.3330790735215465
250 500 0.0483084057654222 314.03149819374084 1.3339460794674425
255 510 0.04830824768028795 319.3766026496887 1.3347120477367385
260 520 0.04830820467641295 324.73854207992554 1.3353884243738918
265 530 0.04830825162814077 330.07933259010315 1.3359854951946726
270 540 0.048308325250420614 335.40583777427673 1.3365124599998655
275 550 0.04830838503087813 340.72764444351196 1.3369775077927821
280 560 0.04830842815157485 346.0434048175812 1.3373879057549891
285 570 0.048308468967343685 351.38209342956543 1.3377500978068197
290 580 0.048308516548442065 356.72240114212036 1.3380698004228602
295 590 0.04830856637102149 362.04562306404114 1.3383520855564541
300 600 0.04830860794035083 367.38786697387695 1.3386014481477633
305 610 0.04830863610257766 372.7177355289459 1.3388218622375845
310 620 0.04830865539000076 378.0593273639679 1.3390168316800948
315 630 0.04830867551812307 383.3908853530884 1.3391894393329031
320 640 0.04830870351035198 388.71764302253723 1.3393423951345191
325 650 0.04830873906126268 394.0613360404968 1.3394780812038505
330 660 0.04830877578513895 399.37065291404724 1.3395985919237323
335 670 0.04830880623824749 404.6928565502167 1.3397057682324927
340 680 0.04830882656681551 410.0093562602997 1.3398012267772592
345 690 0.04830883791972193 415.32616543769836 1.3398863852878455
350 700 0.048308844574381615 420.62248516082764 1.3399624853790164
355 710 0.04830885078925663 425.9434726238251 1.3400306133972895
360 720 0.048308858610029176 431.21930408477783 1.3400917194012512
365 730 0.04830886762943633 436.48966789245605 1.3401466341622197
370 740 0.04830887622926702 441.764564037323 1.3401960841553338
375 750 0.04830888309802653 447.0796263217926 1.340240704687407
380 760 0.048308888038641945 452.36648964881897 1.3402810514131218
385 770 0.04830889182091061 457.70003747940063 1.3403176104797683
390 780 0.048308895480266414 463.0461344718933 1.3403508074646606
395 790 0.04830889966063198 468.3648941516876 1.3403810152035185
400 800 0.04830890437631366 473.6796519756317 1.3404085605909009
405 810 0.04830890919832584 479.02698588371277 1.3404337304549747
410 820 0.048308913622322494 484.3453676700592 1.3404567766346622
415 830 0.04830891735313185 489.69147634506226 1.340477920391545
420 840 0.04830892037957031 495.00210523605347 1.3404973562686997
425 850 0.0483089228754551 500.3066391944885 1.3405152554779196
430 860 0.048308925046030335 505.628924369812 1.3405317688717235
435 870 0.048308927023846926 510.92953181266785 1.3405470295444577
440 880 0.048308928849725194 516.2779383659363 1.3405611551043566
445 890 0.048308930512341586 521.5928297042847 1.3405742496580777
450 900 0.04830893199773423 526.9289767742157 1.3405864055455294
455 910 0.04830893331498079 532.2592475414276 1.340597704855567
460 920 0.04830893449292045 537.5833165645599 1.340608220745602
465 930 0.04830893556265621 542.9149041175842 1.340618018583634
470 940 0.048308936543311476 548.2460522651672 1.3406271569305779
475 950 0.0483089374393864 553.5660212039948 1.3406356883822959
480 960 0.04830893824743003 558.9145188331604 1.3406436602920204
485 970 0.048308938964759726 564.2907547950745 1.3406511153931069
490 980 0.04830893959445354 569.6727812290192 1.3406580923392786
495 990 0.04830894014529466 575.0302114486694 1.340664626175784
500 1000 0.048308940628814995 580.3710176944733 1.3406707487514826
