0 0 1.7025671957671964 0.16696476936340332 1.0
5 10 0.1926876405208795 0.9481546878814697 1.55934359300902
10 20 0.05783479489646237 1.7335691452026367 1.507628658736502
15 30 0.032904876647002895 2.5422117710113525 1.417044050047823
20 40 0.022170709939048502 3.3539130687713623 1.4094160993135736
25 50 0.018029590243928903 4.165469408035278 1.3978129429884458
30 60 0.016642599634194344 4.949753284454346 1.3819335474534475
35 70 0.01638142514358039 5.708101034164429 1.3622580680856986
40 80 0.016867684175441947 6.494659900665283 1.3400915378413802
45 90 0.01642822788766851 7.261939764022827 1.3161166652827694
50 100 0.016544542807738274 8.244408130645752 1.3072690709705619
55 110 0.01639095138168334 9.014896631240845 1.3003774251779898
60 120 0.016293127991581405 9.769746780395508 1.2947964272341508
65 130 0.01631369094195577 10.514292478561401 1.287660498509976
70 140 0.016257430152542676 11.27674150466919 1.2790648732031442
75 150 0.016253393145137823 12.03742527961731 1.2690574406503288
80 160 0.016237067891311782 12.78882646560669 1.2576651773056513
85 170 0.016225508427308258 13.5299391746521 1.2449074585057596
90 180 0.016211416678033552 14.228464365005493 1.2308056294579015
95 190 0.016217096070217124 14.93484616279602 1.2153863738048472
100 200 0.016204221266746574 15.63037109375 1.1986853471919519
105 210 0.01621019818074257 16.325406074523926 1.1807480740646639
110 220 0.01621225867651123 17.018709897994995 1.1616305957144804
115 230 0.01621735026500999 17.704506397247314 1.1413992943454883
120 240 0.016212541297656424 18.40587878227234 1.1201302988355835
125 250 0.016235965233459437 19.09748339653015 1.0979084456297037
130 260 0.0162556608920542 19.817245960235596 1.074826044767154
135 270 0.01623163534868187 20.53735375404358 1.0509814362720193
140 280 0.016221650312882585 21.239110231399536 1.0264774448476026
145 290 0.016232438184101528 21.923314571380615 1.0014196520806706
150 300 0.01618130560340668 22.60682463645935 0.9977764712068243
155 310 0.016125923794505795 23.29365825653076 0.99755029661102
160 320 0.01613644796406148 23.983187675476074 0.9973093113010915
165 330 0.01615041609309542 24.617527723312378 0.9970530606439052
170 340 0.01612712077703471 25.24272131919861 0.996781092352051
175 350 0.016101675812676172 25.88165593147278 0.9964929566258713
180 360 0.01609578349332512 26.505589485168457 0.9961882062989893
185 370 0.016123782749530496 27.1308171749115 0.9958663969872252
190 380 0.016141378641049836 27.751806259155273 0.9955270872408059
195 390 0.016128885575725366 28.373040914535522 0.9951698386997532
200 400 0.01614290934491537 28.99958848953247 0.9947942162523381
205 410 0.016178968241224723 29.622000217437744 0.9943997881964792
210 420 0.01619193669935269 30.24506974220276 0.9939861264039599
215 430 0.016187812110079178 30.872400045394897 0.9935528064873363
220 440 0.01620222112990527 31.504138469696045 0.9930994079693926
225 450 0.016245777868874142 32.13605999946594 0.9926255144550067
230 460 0.016305585029670014 32.770015001297 0.9921307138052805
235 470 0.016363827759226818 33.39836287498474 0.9916145983137751
240 480 0.016391943577624565 34.029033184051514 0.9910767648846975
245 490 0.016411949066607562 34.6536009311676 0.9905168152128753
250 500 0.016456703092924393 35.27757811546326 0.9899343559653483
255 510 0.016478019271091063 35.907179832458496 0.9893289989644064
260 520 0.016522433575088355 36.52980852127075 0.9887003613718888
265 530 0.016543812579822972 37.14938950538635 0.9880480658745695
270 540 0.016565309834923186 37.785486936569214 0.9873717408704336
275 550 0.016604046855953458 38.41797113418579 0.9866710206556544
280 560 0.016615150244650823 39.06900978088379 0.9859455456120725
285 570 0.016640714179212757 39.70322060585022 0.9851949623949771
290 580 0.016650809720880302 40.320204973220825 0.9844189241209818
295 590 0.016671580345609144 40.94850730895996 0.9836170905557861
300 600 0.016677140122235548 41.57487225532532 0.9827891283016079
305 610 0.016693955482996084 42.19597792625427 0.9819347109840736
310 620 0.01671836855618236 42.82609820365906 0.9810535194383418
315 630 0.016746204027247857 43.4511444568634 0.980145241894244
320 640 0.016774101901947294 44.07419514656067 0.9792095741602073
325 650 0.016794864975241505 44.69648838043213 0.9782462198057434
330 660 0.016802630502085178 45.32100820541382 0.9772548903422651
335 670 0.016828568553891726 45.94224834442139 0.9762353054020043
340 680 0.016847296654491833 46.564330101013184 0.975187192914796
345 690 0.01686980489752371 47.18989658355713 0.9741102892824987
350 700 0.016881201422770817 47.81946039199829 0.9730043395508111
355 710 0.01689661384695669 48.44365954399109 0.9718690975782579
360 720 0.01691500761979986 49.068785667419434 0.9707043262021051
365 730 0.01692321466151614 49.693350076675415 0.9695097974009744
370 740 0.016934070652164193 50.31954908370972 0.9682852924539216
375 750 0.016942264041407917 50.9504599571228 0.9670306020957478
380 760 0.016954662823884678 51.577516317367554 0.965745526668316
385 770 0.016968414885757788 52.20227551460266 0.9644298762676432
390 780 0.016971887631522325 52.82772660255432 0.9630834708865424
395 790 0.01699370852257051 53.457906007766724 0.961706140552595
400 800 0.016989516211325537 54.082979917526245 0.9602977254612303
405 810 0.016997927195023285 54.71356821060181 0.9588580761037029
410 820 0.017003056180040554 55.342302560806274 0.9573870533897514
415 830 0.017014998318155172 55.97206687927246 0.9558845287647364
420 840 0.017016419113066297 56.60234093666077 0.9543503843210543
425 850 0.017028478371689568 57.22188997268677 0.9527845129036326
430 860 0.01703558555207048 57.873210191726685 0.951186818209314
435 870 0.01704281698232442 58.51262283325195 0.9495572148799506
440 880 0.01705114568949645 59.13905477523804 0.9478956285890279
445 890 0.01705613621761716 59.75758409500122 0.9462019961216482
450 900 0.017061857561620458 60.38304615020752 0.9444762654477146
455 910 0.01706959437406705 61.01452326774597 0.9427183957881571
460 920 0.017074681127561595 61.63876175880432 0.9409283576740572
465 930 0.017084174955257006 62.25668263435364 0.9391061329985313
470 940 0.01708792487976013 62.88130760192871 0.9372517150612472
475 950 0.017094342788079198 63.5052535533905 0.9353651086054481
480 960 0.01710057366445225 64.11983013153076 0.9334463298473817
485 970 0.01710410127555198 64.74826192855835 0.931495406498025
490 980 0.017105253383471797 65.37804412841797 0.9295123777770227
495 990 0.017112521534576028 66.00088930130005 0.9274972944187522
500 1000 0.01712195349662575 66.63973474502563 0.9254502186704496
