0 0 1.7606581689915024 0.8814446926116943 1.0
5 10 0.23382051943182486 6.948083877563477 1.6382002435380874
10 20 0.06722864479050551 12.956359624862671 1.5645100662674338
15 30 0.04060863364622365 18.915800094604492 1.584546556824818
20 40 0.02754576936434179 25.008838176727295 1.6027129189068736
25 50 0.022611747591769857 31.006258010864258 1.6137499227922225
30 60 0.02077665265862237 36.77494478225708 1.6098401019474131
35 70 0.019853379400491103 42.70576286315918 1.5980223276762398
40 80 0.0198345017071673 48.546998023986816 1.5818777665823123
45 90 0.019977796760433417 54.63571786880493 1.561995326258971
50 100 0.02008175294884515 60.65876340866089 1.5383873263317287
55 110 0.020140953828152203 66.49432897567749 1.511136613587987
60 120 0.020229892997274096 72.41166639328003 1.4818625361201205
65 130 0.020253192098592818 78.2531886100769 1.4641545135194098
70 140 0.02013276940422279 84.30631923675537 1.4443242003939585
75 150 0.02005841087031189 90.1874406337738 1.4277824154505852
80 160 0.020042815739333517 96.3006477355957 1.4294799408154317
85 170 0.02007746003682563 102.23687839508057 1.4321891681784085
90 180 0.02010747703198386 108.27531385421753 1.4348656881093214
95 190 0.020128776711289015 114.1724443435669 1.4370283290199402
100 200 0.02010469724630519 119.9857668876648 1.4387629735681327
105 210 0.020073576779656932 125.89363360404968 1.4401293928637837
110 220 0.02009870182019037 131.80610823631287 1.4411881622544795
115 230 0.02012499507817346 137.7172601222992 1.4419876289290867
120 240 0.020134167897090147 143.6339213848114 1.4425606580901946
125 250 0.020127383255543724 149.49628329277039 1.442931153624561
130 260 0.020138327589217478 155.40421223640442 1.4431205660688282
135 270 0.020182446163967985 161.42295289039612 1.4431494791728123
140 280 0.02023122188963715 167.26430487632751 1.4430347492219642
145 290 0.020265452834457798 173.3316080570221 1.4427864988489172
150 300 0.020308933614021224 179.2358148097992 1.4424131953852792
155 310 0.020314127270079876 185.16864800453186 1.4419219680371071
160 320 0.020341360274124212 191.00099349021912 1.4413181487670106
165 330 0.020370744466858742 196.95568799972534 1.4406086847730406
170 340 0.020368245924417536 202.7487232685089 1.4397957719384118
175 350 0.020329542408963633 208.8121852874756 1.4388796034716878
180 360 0.020282985488154867 214.69053864479065 1.437861030000448
185 370 0.020273671222449788 220.77686643600464 1.4367444909115012
190 380 0.020302205564033268 226.85514450073242 1.4355339755189052
195 390 0.02033331809955645 232.774254322052 1.4342324011746603
200 400 0.0203456364138265 238.45160269737244 1.4328401063876983
205 410 0.020326396899953983 244.26131391525269 1.4313557318693229
210 420 0.02029778560260022 250.04750442504883 1.4297773509316214
215 430 0.020291013284687895 256.1272711753845 1.4281053963664982
220 440 0.02030401635231656 261.96481466293335 1.426341652626821
225 450 0.020335785811005036 267.9620990753174 1.4244876491712715
230 460 0.02034889967789763 273.89717197418213 1.4225430934000867
235 470 0.020346994538516155 279.90932178497314 1.4205061852521894
240 480 0.02033175841745022 285.8781704902649 1.4183749782789863
245 490 0.020320618932710824 291.8520255088806 1.4161483432261928
250 500 0.020327568488818393 297.85054183006287 1.413826655717903
255 510 0.020362498718573277 303.79570508003235 1.4114109397480725
260 520 0.020384374439720854 309.7634789943695 1.4089018551246135
265 530 0.0203900781318518 315.69382882118225 1.4062976156690346
270 540 0.020366063909502727 321.70784735679626 1.403595931280229
275 550 0.020358458416055672 327.5643689632416 1.4007954048432163
280 560 0.020372016782091634 333.40675044059753 1.3978971503415423
285 570 0.020406496475861527 339.471093416214 1.3951390830217436
290 580 0.020432316703043518 345.43241810798645 1.3928877530668577
295 590 0.020429040069500276 351.3634424209595 1.3905153490679654
300 600 0.02042328990069439 357.37834644317627 1.3880230407117
305 610 0.020424146897432244 363.4805953502655 1.3854152834698563
310 620 0.020462512873055866 369.36564540863037 1.3826923859014144
315 630 0.0205191054082573 375.11301589012146 1.3798505206970753
320 640 0.02054083116432935 380.93097972869873 1.3768850877818712
325 650 0.020560426079800964 386.69374656677246 1.3737947667348802
330 660 0.020574701728759914 392.56073451042175 1.3705833842791373
335 670 0.020594784894795173 398.38179755210876 1.367255958645708
340 680 0.020634376569309915 404.3107180595398 1.3638113004055257
345 690 0.020650191974459803 410.15880155563354 1.3602470489651692
350 700 0.020656559616045733 416.13221740722656 1.356564461748091
355 710 0.020661410320980345 422.06797432899475 1.3527679349427335
360 720 0.020694297237123585 427.99028491973877 1.3488607148592462
365 730 0.020723682932350107 433.82207226753235 1.3448417726993238
370 740 0.020742660701027843 439.60816502571106 1.3407097059313462
375 750 0.020741481651899207 445.5372836589813 1.3364659680944933
380 760 0.02074806822203905 451.3054106235504 1.33211494745422
385 770 0.020771918388234986 457.2496588230133 1.3276594774263581
390 780 0.02079789624324932 463.05789852142334 1.323099476211649
395 790 0.02080482394654988 468.91667652130127 1.3184351802829481
400 800 0.020797483563671726 474.89276123046875 1.313669463438932
405 810 0.02080680235364854 480.7062575817108 1.3088065712588046
410 820 0.02082697722919538 486.62153220176697 1.303849169602569
415 830 0.020844114671156766 492.44114089012146 1.2987976089708975
420 840 0.020847300542506483 498.2871696949005 1.2936522738506104
425 850 0.02084927510369075 504.16519141197205 1.2884162556137544
430 860 0.02085011846374399 509.9549744129181 1.2830935268238124
435 870 0.02086756990135573 515.768874168396 1.2776864778684227
440 880 0.020876532082125365 521.861074924469 1.272195675059265
445 890 0.020867417408978295 528.0489256381989 1.2666227194552542
450 900 0.020866615024007107 534.1983540058136 1.260971276780939
455 910 0.02086959712492298 539.6045014858246 1.2552454615282742
460 920 0.02088118687509484 544.943606376648 1.249447558896586
465 930 0.02089992476314219 550.3786685466766 1.2435787501106559
470 940 0.02088170120436894 555.7016890048981 1.237845561536632
475 950 0.020869805112352105 560.9796290397644 1.2320593511556408
480 960 0.0208776830093393 566.3214089870453 1.226194458334874
485 970 0.02088943816157593 571.6631083488464 1.2202532311475756
490 980 0.02090033514336119 577.2140166759491 1.2142366614249078
495 990 0.02089950611664991 582.5629057884216 1.208146972128619
500 1000 0.020893441409991845 588.0402872562408 1.2019885313636238
