0 0 1.7606581689915024 0.5258016586303711 1.0
10 10 0.06199399568898589 5.586554050445557 1.1889335484153347
20 20 1.917910275039958e-14 10.51044249534607 0.9999999999999817
30 30 1.917910275039958e-14 15.485047340393066 0.99999999999993
40 40 1.915134717478395e-14 20.49044919013977 0.9999999999998779
50 50 1.915134717478395e-14 25.484304428100586 0.999999999999826
60 60 1.9206858326015208e-14 30.76028060913086 0.9999999999997742
70 70 1.917910275039958e-14 35.970895290374756 0.9999999999997223
80 80 1.915134717478395e-14 41.131860971450806 0.9999999999996705
90 90 1.915134717478395e-14 46.49349594116211 0.9999999999996186
100 100 1.9206858326015208e-14 52.14400935173035 0.9999999999995668
110 110 1.9137469386976136e-14 58.40660238265991 0.9999999999995148
120 120 1.915134717478395e-14 64.91340613365173 0.9999999999994631
130 130 1.917910275039958e-14 71.7762451171875 0.9999999999994114
140 140 1.915134717478395e-14 78.12632656097412 0.9999999999993594
150 150 1.915134717478395e-14 84.88777160644531 0.9999999999993074
160 160 1.9220736113823023e-14 93.0415370464325 0.9999999999992557
170 170 1.917910275039958e-14 100.55508208274841 0.9999999999992036
180 180 1.917910275039958e-14 108.33215951919556 0.999999999999152
190 190 1.917910275039958e-14 116.04938173294067 0.9999999999991
200 200 1.917910275039958e-14 123.92360806465149 0.9999999999990483
210 210 1.915134717478395e-14 131.9021716117859 0.9999999999989962
220 220 1.915134717478395e-14 139.5066316127777 0.9999999999989445
230 230 1.9234613901630837e-14 146.9225902557373 0.9999999999988928
240 240 1.9234613901630837e-14 154.54357433319092 0.9999999999988407
250 250 1.9206858326015208e-14 162.2956154346466 0.9999999999987889
260 260 1.9234613901630837e-14 170.15026330947876 0.999999999998737
270 270 1.9192980538207394e-14 177.87633538246155 0.9999999999986852
280 280 1.9206858326015208e-14 185.35336089134216 0.9999999999986333
290 290 1.9206858326015208e-14 192.9547553062439 0.9999999999985816
300 300 1.924849168943865e-14 200.64886569976807 0.9999999999985297
310 310 1.924849168943865e-14 208.39606952667236 0.9999999999984777
320 320 1.9234613901630837e-14 216.12026572227478 0.9999999999984259
330 330 1.9165224962591765e-14 223.7748773097992 0.9999999999983742
340 340 1.9206858326015208e-14 231.3097882270813 0.9999999999983223
350 350 1.915134717478395e-14 239.01343274116516 0.9999999999982703
360 360 1.9234613901630837e-14 246.8520691394806 0.9999999999982185
370 370 1.9192980538207394e-14 254.3131833076477 0.9999999999981667
380 380 1.9206858326015208e-14 261.93328404426575 0.9999999999981147
390 390 1.9220736113823023e-14 269.71575832366943 0.999999999998063
400 400 1.917910275039958e-14 277.18122577667236 0.9999999999980111
410 410 1.9192980538207394e-14 284.74511456489563 0.9999999999979593
420 420 1.915134717478395e-14 292.71218156814575 0.9999999999979073
430 430 1.917910275039958e-14 300.1960253715515 0.9999999999978556
440 440 1.917910275039958e-14 307.8079776763916 0.9999999999978036
450 450 1.915134717478395e-14 315.6229646205902 0.9999999999977518
460 460 1.917910275039958e-14 323.2023425102234 0.9999999999977
470 470 1.915134717478395e-14 330.95387029647827 0.9999999999976482
480 480 1.9165224962591765e-14 338.6205461025238 0.9999999999975965
490 490 1.9206858326015208e-14 345.9312846660614 0.9999999999975444
500 500 1.917910275039958e-14 353.18550515174866 0.9999999999974926
510 510 1.9220736113823023e-14 360.5397973060608 0.9999999999974405
520 520 1.915134717478395e-14 368.11783504486084 0.9999999999973888
530 530 1.9206858326015208e-14 375.8161280155182 0.9999999999973369
540 540 1.9234613901630837e-14 383.5752079486847 0.9999999999972851
550 550 1.9165224962591765e-14 391.3243408203125 0.9999999999972332
560 560 1.917910275039958e-14 399.0404975414276 0.9999999999971814
570 570 1.917910275039958e-14 406.813161611557 0.9999999999971295
580 580 1.9192980538207394e-14 414.3915145397186 0.9999999999970776
590 590 1.9206858326015208e-14 422.0249376296997 0.9999999999970259
600 600 1.9220736113823023e-14 429.76914048194885 0.999999999996974
610 610 1.9192980538207394e-14 437.2848982810974 0.9999999999969222
620 620 1.924849168943865e-14 444.90446853637695 0.9999999999968702
630 630 1.9206858326015208e-14 452.37682271003723 0.9999999999968184
640 640 1.9206858326015208e-14 460.0076994895935 0.9999999999967665
650 650 1.9206858326015208e-14 467.97465538978577 0.9999999999967147
660 660 1.9220736113823023e-14 475.72074937820435 0.9999999999966628
670 670 1.9220736113823023e-14 483.19245076179504 0.999999999996611
680 680 1.927624726505428e-14 490.7485098838806 0.9999999999965591
690 690 1.9206858326015208e-14 498.2575304508209 0.9999999999965072
700 700 1.915134717478395e-14 505.5638282299042 0.9999999999964555
710 710 1.915134717478395e-14 513.0241360664368 0.9999999999964037
720 720 1.9192980538207394e-14 520.6939465999603 0.9999999999963518
730 730 1.9165224962591765e-14 528.2604923248291 0.9999999999962998
740 740 1.9206858326015208e-14 535.8499829769135 0.9999999999962481
750 750 1.9206858326015208e-14 543.3931725025177 0.999999999996196
760 760 1.912359159916832e-14 551.0286586284637 0.9999999999961442
770 770 1.9206858326015208e-14 558.7232835292816 0.9999999999960925
780 780 1.912359159916832e-14 566.22567486763 0.9999999999960406
790 790 1.9165224962591765e-14 573.7752373218536 0.9999999999959887
800 800 1.9192980538207394e-14 581.4675989151001 0.9999999999959369
810 810 1.917910275039958e-14 588.9376394748688 0.9999999999958851
820 820 1.9165224962591765e-14 596.4974954128265 0.999999999995833
830 830 1.9206858326015208e-14 604.1091468334198 0.9999999999957813
840 840 1.915134717478395e-14 611.6616635322571 0.9999999999957295
850 850 1.9206858326015208e-14 619.2447726726532 0.9999999999956776
860 860 1.915134717478395e-14 626.726945400238 0.9999999999956257
870 870 1.915134717478395e-14 634.3171355724335 0.9999999999955739
880 880 1.9234613901630837e-14 642.003315448761 0.999999999995522
890 890 1.9206858326015208e-14 649.5477652549744 0.9999999999954701
900 900 1.9234613901630837e-14 657.1385147571564 0.9999999999954183
910 910 1.9220736113823023e-14 664.0921018123627 0.9999999999953665
920 920 1.917910275039958e-14 670.9286639690399 0.9999999999953146
930 930 1.9137469386976136e-14 677.7480337619781 0.9999999999952627
940 940 1.9206858326015208e-14 684.6056101322174 0.9999999999952109
950 950 1.917910275039958e-14 691.4398965835571 0.999999999995159
960 960 1.9206858326015208e-14 698.4487571716309 0.9999999999951072
970 970 1.9165224962591765e-14 705.4114153385162 0.9999999999950553
980 980 1.9192980538207394e-14 712.5120904445648 0.9999999999950034
990 990 1.9220736113823023e-14 719.1504964828491 0.9999999999949515
1000 1000 1.9234613901630837e-14 725.5261147022247 0.9999999999948997
