0 0 1.7606581689915024 1.0338218212127686 1.0
10 10 0.2406235371882784 10.397082328796387 0.17486454067559215
20 20 0.05522877775860216 19.535929679870605 0.07799989737174784
30 30 0.02342507853566568 28.45648503303528 0.9518116932714564
40 40 0.012352540324997524 37.22792601585388 0.01136812156034292
50 50 0.0032877799599146523 46.06071329116821 0.0035635598376868674
60 60 0.0016329409025936659 54.937509059906006 0.0014290206543234093
70 70 0.0004983498914650358 63.808926820755005 0.34304822412347213
80 80 0.0001052632599620601 72.6879472732544 0.19735023876911723
90 90 4.4093926501911906e-05 81.57796573638916 0.9999871641461716
100 100 2.847551269792581e-05 90.44573998451233 0.23944966625004796
110 110 1.2875708514631379e-05 99.33842825889587 0.15632965002109864
120 120 7.882328610431255e-06 108.16175818443298 0.10479287539846614
130 130 2.8662289662806373e-06 117.03519368171692 0.9999991974962664
140 140 9.102655981196861e-07 125.93931770324707 7.896748554961695e-07
150 150 1.835175300196612e-07 134.77090406417847 0.9934329691439793
160 160 1.0080319824690154e-07 143.51713013648987 8.729005193155912e-08
170 170 2.8660842046890345e-08 152.37704133987427 0.1630652239384535
180 180 5.71577141172952e-09 161.43512678146362 5.455628371351469e-09
190 190 3.779312696128301e-10 170.26805114746094 0.014735466874356139
200 200 9.876013895571134e-11 179.11421632766724 0.9999999999406671
210 210 4.351828619686415e-11 187.91514229774475 4.262218776772674e-11
220 220 1.2627274226240104e-11 196.67047476768494 0.10588897303172887
230 230 3.3595348725157237e-12 205.3790533542633 0.2567343683381625
240 240 6.511458039426543e-13 214.14901638031006 0.9999999999998089
250 250 1.702943341896912e-13 223.01028513908386 0.36240308761369794
260 260 8.577860644010116e-14 225.60839676856995 9.080408877128145e-14
270 270 8.577860644010116e-14 225.6084008216858 9.080408877128145e-14
280 280 8.577860644010116e-14 225.60840511322021 9.080408877128145e-14
290 290 8.577860644010116e-14 225.60840940475464 9.080408877128145e-14
300 300 8.577860644010116e-14 225.60841345787048 9.080408877128145e-14
310 310 8.577860644010116e-14 225.60841751098633 9.080408877128145e-14
320 320 8.577860644010116e-14 225.60842180252075 9.080408877128145e-14
330 330 8.577860644010116e-14 225.60842633247375 9.080408877128145e-14
340 340 8.577860644010116e-14 225.60843086242676 9.080408877128145e-14
350 350 8.577860644010116e-14 225.60843539237976 9.080408877128145e-14
360 360 8.577860644010116e-14 225.60844016075134 9.080408877128145e-14
370 370 8.577860644010116e-14 225.60844445228577 9.080408877128145e-14
380 380 8.577860644010116e-14 225.6084485054016 9.080408877128145e-14
390 390 8.577860644010116e-14 225.60845351219177 9.080408877128145e-14
400 400 8.577860644010116e-14 225.60845756530762 9.080408877128145e-14
410 410 8.577860644010116e-14 225.60846185684204 9.080408877128145e-14
420 420 8.577860644010116e-14 225.6084668636322 9.080408877128145e-14
430 430 8.577860644010116e-14 225.60847115516663 9.080408877128145e-14
440 440 8.577860644010116e-14 225.60852193832397 9.080408877128145e-14
450 450 8.577860644010116e-14 225.60852646827698 9.080408877128145e-14
460 460 8.577860644010116e-14 225.60853123664856 9.080408877128145e-14
470 470 8.577860644010116e-14 225.60853576660156 9.080408877128145e-14
480 480 8.577860644010116e-14 225.60854053497314 9.080408877128145e-14
490 490 8.577860644010116e-14 225.6085455417633 9.080408877128145e-14
500 500 8.577860644010116e-14 225.60854959487915 9.080408877128145e-14
510 510 8.577860644010116e-14 225.60855412483215 9.080408877128145e-14
520 520 8.577860644010116e-14 225.60855889320374 9.080408877128145e-14
530 530 8.577860644010116e-14 225.60856294631958 9.080408877128145e-14
540 540 8.577860644010116e-14 225.608567237854 9.080408877128145e-14
550 550 8.577860644010116e-14 225.6085720062256 9.080408877128145e-14
560 560 8.577860644010116e-14 225.60857605934143 9.080408877128145e-14
570 570 8.577860644010116e-14 225.608580827713 9.080408877128145e-14
580 580 8.577860644010116e-14 225.60858535766602 9.080408877128145e-14
590 590 8.577860644010116e-14 225.6085901260376 9.080408877128145e-14
600 600 8.577860644010116e-14 225.6085946559906 9.080408877128145e-14
610 610 8.577860644010116e-14 225.60859894752502 9.080408877128145e-14
620 620 8.577860644010116e-14 225.60860323905945 9.080408877128145e-14
630 630 8.577860644010116e-14 225.60860753059387 9.080408877128145e-14
640 640 8.577860644010116e-14 225.6086118221283 9.080408877128145e-14
650 650 8.577860644010116e-14 225.6086163520813 9.080408877128145e-14
660 660 8.577860644010116e-14 225.6086208820343 9.080408877128145e-14
670 670 8.577860644010116e-14 225.60862588882446 9.080408877128145e-14
680 680 8.577860644010116e-14 225.60863041877747 9.080408877128145e-14
690 690 8.577860644010116e-14 225.60863494873047 9.080408877128145e-14
700 700 8.577860644010116e-14 225.6086390018463 9.080408877128145e-14
710 710 8.577860644010116e-14 225.60864448547363 9.080408877128145e-14
720 720 8.577860644010116e-14 225.60864901542664 9.080408877128145e-14
730 730 8.577860644010116e-14 225.60865426063538 9.080408877128145e-14
740 740 8.577860644010116e-14 225.60865831375122 9.080408877128145e-14
750 750 8.577860644010116e-14 225.60866284370422 9.080408877128145e-14
760 760 8.577860644010116e-14 225.60866713523865 9.080408877128145e-14
770 770 8.577860644010116e-14 225.6086721420288 9.080408877128145e-14
780 780 8.577860644010116e-14 225.60867714881897 9.080408877128145e-14
790 790 8.577860644010116e-14 225.60868167877197 9.080408877128145e-14
800 800 8.577860644010116e-14 225.6086859703064 9.080408877128145e-14
810 810 8.577860644010116e-14 225.6086905002594 9.080408877128145e-14
820 820 8.577860644010116e-14 225.60869455337524 9.080408877128145e-14
830 830 8.577860644010116e-14 225.60869932174683 9.080408877128145e-14
840 840 8.577860644010116e-14 225.60870385169983 9.080408877128145e-14
850 850 8.577860644010116e-14 225.60870885849 9.080408877128145e-14
860 860 8.577860644010116e-14 225.608713388443 9.080408877128145e-14
870 870 8.577860644010116e-14 225.608717918396 9.080408877128145e-14
880 880 8.577860644010116e-14 225.60872220993042 9.080408877128145e-14
890 890 8.577860644010116e-14 225.60872650146484 9.080408877128145e-14
900 900 8.577860644010116e-14 225.60873103141785 9.080408877128145e-14
910 910 8.577860644010116e-14 225.60873579978943 9.080408877128145e-14
920 920 8.577860644010116e-14 225.60874009132385 9.080408877128145e-14
930 930 8.577860644010116e-14 225.60874485969543 9.080408877128145e-14
940 940 8.577860644010116e-14 225.60874891281128 9.080408877128145e-14
950 950 8.577860644010116e-14 225.60875391960144 9.080408877128145e-14
960 960 8.577860644010116e-14 225.60875868797302 9.080408877128145e-14
970 970 8.577860644010116e-14 225.60876297950745 9.080408877128145e-14
980 980 8.577860644010116e-14 225.60876893997192 9.080408877128145e-14
990 990 8.577860644010116e-14 225.60877346992493 9.080408877128145e-14
1000 1000 8.577860644010116e-14 225.6087784767151 9.080408877128145e-14
