0 0 1.7028545049645978 1.2723662853240967 1.4492746678704684
3 9 1.5770287689967424 6.1320271492004395 1.400102436064834
6 18 1.4512055075072403 11.209312200546265 1.3844482658619444
9 27 1.3204389691410865 16.570369720458984 1.3881934756611398
13 39 1.1734110382421168 22.962840795516968 1.3792792360003352
16 48 1.0750135325770678 28.087356090545654 1.3743481799970616
19 57 0.9845845179568107 33.13631319999695 1.3657972558304246
23 69 0.8724907824465205 39.93867254257202 1.3480478084637295
26 78 0.7985541233768629 45.03892922401428 1.3397063737059904
29 87 0.7298111408117187 50.13228225708008 1.3339461965596164
33 99 0.6490612218042591 56.81707215309143 1.326481774620187
36 108 0.5953282616452209 61.88095808029175 1.325018181645184
39 117 0.5466292055106942 66.97571921348572 1.3343702403618263
43 129 0.48993287778196115 73.66480565071106 1.3449178509421371
46 138 0.45356954388295867 78.68636274337769 1.3513333378437997
49 147 0.42105374155891834 83.71189427375793 1.357303178362799
53 159 0.38242769140370714 90.3851900100708 1.3642289082959875
56 168 0.3565338570804952 95.39698100090027 1.3683690440530993
59 177 0.333016409483198 100.36445665359497 1.3719815946103116
63 189 0.30517816489029903 106.94670581817627 1.3761493355675654
66 198 0.286375462055123 111.92779016494751 1.3788185700409639
69 207 0.2691849784024357 117.27272248268127 1.3809854551722813
73 219 0.24853329627431003 123.9574921131134 1.383642821273901
76 228 0.23457020288911667 129.0420846939087 1.3852816480138705
79 237 0.2216815661406814 134.1935751438141 1.3868986730455608
83 249 0.20612895934640252 140.8868579864502 1.3888803662308076
86 258 0.19558195700247288 145.88461089134216 1.390209706836127
89 267 0.18575271863070716 150.9637405872345 1.39146839442399
93 279 0.17409689875077086 157.5938196182251 1.3929638835861404
96 288 0.16631102316679883 162.63038039207458 1.3940563970009872
99 297 0.15916542229954506 167.70276427268982 1.3950669457014797
103 309 0.15035494238063168 174.3648669719696 1.3964053063327155
106 318 0.14436587035876575 179.3577365875244 1.3973353433960012
109 327 0.13885329203931498 184.35508155822754 1.3982412835093119
113 339 0.13233969423781114 191.02397990226746 1.3994077172450543
116 348 0.12781556416898532 196.17479968070984 1.4002478944398205
119 357 0.12351822427204401 201.5075647830963 1.401071000744112
123 369 0.11820357576837981 208.47041606903076 1.4021045982105282
126 378 0.11450881690376558 213.44251084327698 1.4028226404086583
129 387 0.1109692741597995 218.38432264328003 1.4035303920758075
133 399 0.10671753357494457 224.97280383110046 1.4044021194466794
136 408 0.10381874297542452 229.95311641693115 1.4049986402068735
139 417 0.10112864843340498 234.93843960762024 1.40555591886256
143 429 0.09780449156433799 241.57215976715088 1.4062021846639488
146 438 0.0954151038060631 246.52915382385254 1.4066363485003257
149 447 0.09316519639372163 251.43985795974731 1.407027655666736
153 459 0.09031811801208418 258.0067574977875 1.407463202022174
156 468 0.08828669537467518 262.8947150707245 1.407863640968122
159 477 0.08637751017451382 267.86911940574646 1.4083234965655298
163 489 0.08391825432248923 274.46220803260803 1.4089253660245398
166 498 0.08220929845886651 279.4400534629822 1.4093300385190035
169 507 0.08054571998315499 284.4184958934784 1.4097267678694525
173 519 0.0784842492737443 291.03869009017944 1.4102158764486181
176 528 0.07698570624847703 296.0180449485779 1.410553152665952
179 537 0.07554886277835884 300.9911570549011 1.4108703830757443
183 549 0.07377006066296209 308.08984637260437 1.411258185428763
186 558 0.0724680057179987 313.47719073295593 1.4115215989778591
189 567 0.07123996379901709 318.54280948638916 1.411775948007418
193 579 0.06964087239690338 325.36917185783386 1.4120662625913927
196 588 0.06852337330259912 330.6144337654114 1.4122754103289499
199 597 0.06742444954368008 335.57399582862854 1.4124592983945974
203 609 0.06603807004413308 342.2436738014221 1.412684685282346
206 618 0.06505497226488355 347.14235615730286 1.4128399286713726
209 627 0.06408197835791087 352.032790184021 1.4129740557555233
213 639 0.06287395364380625 358.5825901031494 1.4131513825334983
216 648 0.06197757584584708 363.52071237564087 1.413254820921222
219 657 0.06111016043909322 368.4643392562866 1.4133484092660318
223 669 0.06003486946179272 375.0802068710327 1.413472690819352
226 678 0.05923068106381163 380.0221176147461 1.4135426096808112
229 687 0.05845407003958124 384.96782660484314 1.4136018322440969
233 699 0.057468695477939855 391.6124141216278 1.413674375860693
236 708 0.056766339563254775 396.74734902381897 1.413722357495601
239 717 0.056065200968517775 402.196008682251 1.413755471763472
243 729 0.05519749554237237 409.2615165710449 1.4137955664939104
246 738 0.0545434985771734 414.5577802658081 1.413811776011596
249 747 0.05392947114918667 419.8414635658264 1.4138234311194466
253 759 0.05310661468651026 426.88036608695984 1.4138260193397294
256 768 0.05253360807706334 432.16153597831726 1.4138217308148737
259 777 0.05195815524642093 437.582950592041 1.4138127900035866
263 789 0.05124823800795658 444.94150495529175 1.413786284996208
266 798 0.050710169921058534 450.64741349220276 1.4137649624197932
269 807 0.05020472781477797 456.5630865097046 1.4137336863869527
273 819 0.049523704166415994 463.7911717891693 1.4136963545356067
276 828 0.049051317613296425 469.10622668266296 1.4136532881790451
279 837 0.0485741617707552 474.40256690979004 1.413616249516594
283 849 0.04797003038876549 481.44234228134155 1.4135540862508664
286 858 0.04754043388273546 486.74059557914734 1.4134960707301936
289 867 0.047121513460038775 492.022474527359 1.413434318240515
293 879 0.04655291710441402 499.07864904403687 1.413372285299767
296 888 0.04616031617940339 504.3810567855835 1.4133025411808477
299 897 0.04577836761962488 509.69516682624817 1.4132289741705872
303 909 0.04525672052031432 516.7800900936127 1.413158325657689
306 918 0.04489781004628131 522.0873186588287 1.4130780981034523
309 927 0.044532397396297885 527.3918950557709 1.4130159872635553
313 939 0.04406983247433316 534.4198112487793 1.4129158414412044
316 948 0.04375255601360972 539.7079982757568 1.4128261303386522
319 957 0.043431266769626595 544.9987196922302 1.4127579824685712
323 969 0.043043546245572106 552.0511553287506 1.4126216731404528
326 978 0.042739966765750745 557.3420569896698 1.4125489258262842
329 987 0.04246079323856304 562.6471841335297 1.4124470766575745
333 999 0.04207241878608556 569.7135379314423 1.412354563218896
