0 0 1.175812423002426 0.4446277618408203 1.4511993652041424
3 9 0.4401715171103211 1.4350647926330566 1.2688188821659894
6 18 0.18553419569509833 2.408435821533203 1.28191226045682
9 27 0.12732307932568948 3.3790132999420166 1.292627331078039
13 39 0.06920471297832184 4.659114837646484 1.3198453334946343
16 48 0.05207728420017771 5.621699094772339 1.31984533349464
19 57 0.04005944130270993 6.576399326324463 1.3198453334956635
23 69 0.029525469635062196 7.8509862422943115 1.3198453336166265
26 78 0.024061382118680516 8.871601581573486 1.319845335747507
29 87 0.019993263132607964 9.881102800369263 1.3198453460289827
33 99 0.01617740401814942 11.209142446517944 1.3198454674803597
36 108 0.014067629169543738 12.265540838241577 1.319845805890857
39 117 0.012429454559964262 13.41019868850708 1.3198461560908812
43 129 0.010740817179457934 14.88962984085083 1.3198463649086378
46 138 0.009737604612678155 15.896902322769165 1.319846412611135
49 147 0.008859826925338765 16.920491933822632 1.31984643737775
53 159 0.007909565433233831 18.526488542556763 1.3198464476691203
56 168 0.007331544068887572 19.565973043441772 1.3198464505424112
59 177 0.006816664255612628 20.55562663078308 1.3198464519106068
63 189 0.006212325359720786 21.84538459777832 1.319846452848932
66 198 0.005818662552189047 22.803627490997314 1.3198464531565226
69 207 0.005468308458327686 23.79319977760315 1.3198464533273029
73 219 0.005045503796131862 25.16943597793579 1.3198464534606966
76 228 0.004773229111145028 26.209352731704712 1.3198464535167693
79 237 0.004527826933552331 27.371741771697998 1.3198464535519217
83 249 0.004239109475133576 28.83605170249939 1.3198464535816545
86 258 0.004044632470296863 29.979806423187256 1.3198464535953758
89 267 0.0038729972381831984 31.089667320251465 1.3198464536033168
93 279 0.003659123278265869 32.49169039726257 1.3198464536065093
96 288 0.0035076568667332803 33.63728070259094 1.3198464536006154
99 297 0.0033674278853928763 34.78419303894043 1.3198464535840375
103 309 0.003196534710298668 36.24741196632385 1.3198464535446013
106 318 0.003085744943416735 37.325944662094116 1.3198464534770216
109 327 0.0029838795986330824 38.45929002761841 1.319846453346219
113 339 0.0028631458335653254 39.955960750579834 1.3198464530668799
116 348 0.002778871587892612 41.09912872314453 1.3198464527062232
119 357 0.0026958309224715676 42.22735285758972 1.3198464521752913
123 369 0.0025866041261463496 43.74360799789429 1.3209212178185585
126 378 0.0025060942847400097 44.83399844169617 1.3234413027742054
129 387 0.002430925222723604 45.927892208099365 1.3255729171667938
133 399 0.002335561408108755 47.38717031478882 1.3281000024181493
136 408 0.002272231726834939 48.501898765563965 1.3297776866055049
139 417 0.00221962214911621 49.56448245048523 1.3313153117744732
143 429 0.002160080231657577 50.98345708847046 1.3330896976398356
146 438 0.0021164127159863377 52.062851428985596 1.334330483710937
149 447 0.002071427541382939 53.132439851760864 1.33550110422333
153 459 0.002012190278894918 54.50742030143738 1.336942959442678
156 468 0.001967783045976307 55.54836845397949 1.337968341957218
159 477 0.0019235291880799893 56.63694429397583 1.3389442261960245
163 489 0.0018664862333714893 58.06074571609497 1.3402285528682372
166 498 0.0018255755054428224 59.14706897735596 1.3411993665557085
169 507 0.0017878501153636706 60.2471342086792 1.3421360506149507
173 519 0.001739844807750579 61.68070936203003 1.3434066089473382
176 528 0.0017050377546204837 62.7414665222168 1.3443721332637264
179 537 0.0016717878420758059 63.82503700256348 1.3453655942109086
183 549 0.0016292913341395404 65.55358815193176 1.3466953643558637
186 558 0.0015981040231658472 67.214768409729 1.3477377079580666
189 567 0.0015674129492658645 68.36571502685547 1.3488170967543691
193 579 0.001528458979409078 69.82676434516907 1.350293337107568
196 588 0.001499902284698179 70.93369436264038 1.3514346734368639
199 597 0.0014724461744576867 72.04073739051819 1.3526114518077514
203 609 0.0014374922271763596 73.49415445327759 1.3542064669486633
206 618 0.0014126411237086883 74.55762720108032 1.355409239529418
209 627 0.001388179272653195 75.68195414543152 1.3566501714325545
213 639 0.001357623477540093 77.10850358009338 1.358308875702249
216 648 0.0013355697056168514 78.13414740562439 1.3595585344131795
219 657 0.0013146688328765782 79.20961284637451 1.360800438778003
223 669 0.0012878753820705496 80.61191177368164 1.3624776596237365
226 678 0.0012688438291443976 81.66726422309875 1.3637150499687425
229 687 0.0012506150109621583 82.76426768302917 1.3649341653180613
233 699 0.001226556381914795 84.25136756896973 1.366549306270297
236 708 0.0012088360557143824 85.31270003318787 1.3677419354700922
239 717 0.0011914841258457848 86.37697291374207 1.3689233571799653
243 729 0.0011689772469460624 87.78353381156921 1.3704424162024333
246 738 0.001152148599651931 88.87060379981995 1.3715793558013976
249 747 0.0011360497510566891 89.9351077079773 1.3726712885341967
253 759 0.0011150503865337141 91.35408020019531 1.3740952300799847
256 768 0.0010996508544657418 92.48944926261902 1.3751306308650828
259 777 0.0010848509340717766 93.63900327682495 1.3761314554543513
263 789 0.0010657295541821321 95.10912203788757 1.3774391020317331
266 798 0.0010520854039279687 96.21692419052124 1.378376174118767
269 807 0.0010390664437369829 97.35338163375854 1.3792780945928935
273 819 0.0010222369711519186 98.79422783851624 1.3804405213650397
276 828 0.0010103336895324194 99.90007257461548 1.3812779185604513
279 837 0.0009987936671121272 100.98985242843628 1.382080987823658
283 849 0.000983968577433561 102.69935727119446 1.3831131622029755
286 858 0.0009731818601353415 104.0606460571289 1.3838629772293727
289 867 0.0009629962988290247 105.27921676635742 1.3845746140020083
293 879 0.0009496935045595206 106.83790302276611 1.3854892044948441
296 888 0.0009398051497269133 108.03744578361511 1.3861467935557665
299 897 0.0009301440353864099 109.18833780288696 1.3867788240599515
303 909 0.0009172906045427226 110.67702198028564 1.387599498295952
306 918 0.0009079293213263839 111.80743050575256 1.3881820604422261
309 927 0.0008984270437031039 112.90998125076294 1.388755330741437
313 939 0.000886097602007696 114.4357647895813 1.3894914758663217
316 948 0.0008770063730674793 115.56381320953369 1.390026988111384
319 957 0.0008679857706004601 116.67545676231384 1.3905471218742966
323 969 0.0008561288777604037 118.09749245643616 1.3912313426162586
326 978 0.0008475701738355351 119.18147778511047 1.391725492372342
329 987 0.00083900424877216 120.33982491493225 1.3922176123621077
333 999 0.000827930441706301 121.83891916275024 1.3928598376499142
