0 0 1.7025671957671964 0.1600961685180664 1.0
10 10 0.06649185504400106 1.189131498336792 1.469630363456983
20 20 0.014638332630803025 2.1693389415740967 1.185752918773132
30 30 0.02117956617220719 3.140963554382324 0.4062183028125657
40 40 0.017209624323761274 4.110924482345581 0.40564666364519
50 50 0.016374591604011363 5.069027423858643 0.4021413867273201
60 60 0.017725260607243887 6.031102895736694 0.39756325442989343
70 70 0.01677851072825587 7.022791385650635 0.3933657880378116
80 80 0.015917056088315715 8.003477334976196 0.38887856102027274
90 90 0.016016557718331506 8.974964618682861 0.3837243020343237
100 100 0.016386098399116464 9.999281406402588 0.3787589290952826
110 110 0.01659864208704405 10.996189594268799 0.3739588347742545
120 120 0.017329834768585392 12.136928796768188 0.368606665215532
130 130 0.017173113974328552 13.143101215362549 0.363317648623058
140 140 0.01706818161710208 14.385138750076294 0.35870528583571004
150 150 0.016476454032849724 15.414900302886963 0.3545875527449656
160 160 0.01727645006847907 16.397367238998413 0.34834708511753004
170 170 0.01652671356112824 17.378794193267822 0.34407325924727944
180 180 0.016787296426271955 18.388559103012085 0.3384532969855586
190 190 0.016400176012668632 19.660983085632324 0.33363602162028116
200 200 0.017013673421377218 20.68327784538269 0.3273652182804115
210 210 0.016873279113430478 21.70187497138977 0.32281625823441634
220 220 0.017346439853950485 22.71330714225769 0.5837835798752863
230 230 0.017424200372408494 23.770357370376587 0.3104880334890197
240 240 0.01726178410930443 24.796004056930542 0.309542195946734
250 250 0.01789436035429011 25.819830656051636 0.4170095041617123
260 260 0.018246135505858324 26.844603538513184 0.309503067689842
270 270 0.017502027137163104 27.873858213424683 0.30948248627463215
280 280 0.018391318547620217 29.024664640426636 0.4289551220012737
290 290 0.018686150996544082 30.11033844947815 0.309443327901017
300 300 0.017635254832473912 31.20370602607727 0.34654746657599295
310 310 0.017729756668272756 32.28128933906555 0.38382229090782594
320 320 0.01802899261393688 33.33866763114929 0.30938365994971495
330 330 0.01750583174167636 34.35263133049011 0.3124213363298071
340 340 0.0178693491704508 35.563538789749146 0.38306593721566495
350 350 0.01817175937993945 36.57043814659119 0.30932455657139124
360 360 0.01803343973124158 37.5544159412384 0.30930441002935133
370 370 0.01786614625221765 38.51855421066284 0.333863030178312
380 380 0.01755701805089925 39.481786489486694 0.30926612982590346
390 390 0.01712291473217077 40.515605449676514 0.30924631178753725
400 400 0.01753539282839428 41.49839806556702 0.3456091023622234
410 410 0.018331893724769677 42.52077102661133 0.32810941353801215
420 420 0.017265514399206164 43.55314755439758 0.31245206245652357
430 430 0.016836387959673793 44.584187507629395 0.30916842112903237
440 440 0.01755046528062769 45.54534101486206 0.3091487295019706
450 450 0.01774168640040205 46.502504110336304 0.3170291030716205
460 460 0.017380185704035406 47.54199743270874 0.3091107040119986
470 470 0.01860524286965759 48.533100605010986 0.30909103142237465
480 480 0.017628095511312322 49.495766162872314 0.3090717233215396
490 490 0.017007643109213974 50.465314626693726 0.30905286835686036
500 500 0.017876698530849736 51.44154739379883 0.309033391979207
510 510 0.0179201059977927 52.49905037879944 0.30901407362885686
520 520 0.01814372511707038 53.48386096954346 0.3089948956551831
530 530 0.017378937337638525 54.50392723083496 0.3089760404110819
540 540 0.019135813865508666 55.51466941833496 0.308957013484048
550 550 0.01832132123179303 56.58823823928833 0.3089376538183279
560 560 0.01809438007683753 57.72447109222412 0.30891848075858713
570 570 0.019238224962533162 58.718934535980225 0.30889972308830405
580 580 0.017921560657345806 59.69319176673889 0.308880482705884
590 590 0.01842037171601482 60.73496913909912 0.308861172445002
600 600 0.017782898068474343 61.707929372787476 0.30884242444586224
610 610 0.017226134273478466 62.656123638153076 0.30882381842612133
620 620 0.017283632874770236 63.55054187774658 0.30880429724564484
630 630 0.01766530611486601 64.44128370285034 0.3087857134415803
640 640 0.01740743960705081 65.32656955718994 0.3087667630626513
650 650 0.017658113000420902 66.2783899307251 0.3087485126198359
660 660 0.018458320404563938 67.23363375663757 0.30872855844463704
670 670 0.019913539265856484 68.13978457450867 0.3087103159671509
680 680 0.01738896222868025 69.03301572799683 0.30869170792331835
690 690 0.01917202752262412 69.92525553703308 0.30867269955816096
700 700 0.019176179412258743 70.82098746299744 0.32766010026544634
710 710 0.01795477437476195 71.77394533157349 0.30863560408680374
720 720 0.018170029619404005 72.68379354476929 0.3086163887910671
730 730 0.017364340018333493 73.6039776802063 0.30859749662613467
740 740 0.017615433053762522 74.50331950187683 0.30857933958971356
750 750 0.017624493081089404 75.40278196334839 0.30856008210020747
760 760 0.018295201852203416 76.29815626144409 0.30854146647735353
770 770 0.01887459160914519 77.19520831108093 0.3085226294723963
780 780 0.0181852980469253 78.0890121459961 0.3085042442532184
790 790 0.017748319553421363 78.98782801628113 0.30848538437621736
800 800 0.018914541711010174 79.88744592666626 0.30846730220024526
810 810 0.017257594492025796 80.78585958480835 0.3084481340774148
820 820 0.017711312799734355 81.68645191192627 0.30843047189895695
830 830 0.0182063970652227 82.59661102294922 0.3084108530107481
840 840 0.018379192383230228 83.59601616859436 0.30839298611372434
850 850 0.01757802714245199 84.59670782089233 0.30837437881184854
860 860 0.018061092668376258 85.6285445690155 0.3083558661289699
870 870 0.02012522271386956 86.56351470947266 0.30833699934428227
880 880 0.018419351168074485 87.48106074333191 0.30831863296870926
890 890 0.01756849775186589 88.40981030464172 0.30830054497400494
900 900 0.017659157014617136 89.41203927993774 0.3082818254791152
910 910 0.019174268771940173 90.34920072555542 0.3082633508871657
920 920 0.019495245621459503 91.27913689613342 0.3082452651989016
930 930 0.018370018978230693 92.26376438140869 0.3082264985231727
940 940 0.01825319283621686 93.25151634216309 0.3082084010614941
950 950 0.01886793389261801 94.39010119438171 0.30819023453059796
960 960 0.01771373909629638 95.41201901435852 0.3081716828205894
970 970 0.01753969454525374 96.3977415561676 0.3081538312455805
980 980 0.01847596153725034 97.32976484298706 0.3081358620661186
990 990 0.018703438208414747 98.25137138366699 0.30811705018318863
1000 1000 0.018184940759683743 99.22602343559265 0.30809887793297647
