0 0 1.7606581689915024 0.6646568775177002 1.0
5 10 1.7270648855931028 6.829405069351196 1.2796155332805785
10 20 1.7031935187313925 13.019652605056763 1.2884800668519774
15 30 1.660334534117819 19.18787431716919 1.2929375241357346
20 40 1.5892639902272045 25.36175847053528 1.2946394101346328
25 50 1.4807764161761563 31.645650386810303 1.261183709941045
30 60 1.3527397393720597 38.86952495574951 1.2134977366846775
35 70 1.2173151439256689 45.03277134895325 1.1892857614964623
40 80 1.0585132523165797 51.20609664916992 1.2093391106448224
45 90 0.8765253098269434 57.518685817718506 1.2170003140417744
50 100 0.6976246622085194 63.752450704574585 1.2025583547424925
55 110 0.5350093735522391 69.93776321411133 1.1843862236933056
60 120 0.3788308863759995 76.08906030654907 1.1744251194050246
65 130 0.2570396011310616 82.25939631462097 1.1280394582668174
70 140 0.19388600817241097 88.44186115264893 1.0596612520909412
75 150 0.17440308083879397 94.65283560752869 1.0130297552912022
80 160 0.1658480147189021 100.83806729316711 1.0104471036356113
85 170 0.15797048288956989 107.00977897644043 1.0057129774504012
90 180 0.1508018044023377 113.16131901741028 0.9993834135723365
95 190 0.1432424357063422 119.34566164016724 0.991967775520629
100 200 0.1368344305165615 125.48583173751831 0.9838751781867222
105 210 0.13436205493436615 131.61362481117249 0.975142072921395
110 220 0.12807954672813648 137.84465289115906 0.9661505534282059
115 230 0.12208961194695818 144.01306319236755 0.9569612561307487
120 240 0.11840980959731537 150.17318439483643 0.9476737335733648
125 250 0.11535237155315985 156.3623104095459 0.9379987143160742
130 260 0.11018033415775208 162.48763418197632 0.9283518281133458
135 270 0.10691046680462984 168.6418571472168 0.9187438807693882
140 280 0.09702328601580573 174.805908203125 0.9075202759485643
145 290 0.09240263962381007 180.91152095794678 0.8986089567645446
150 300 0.09064887001794343 186.98165011405945 0.9030607730366298
155 310 0.08709586332451712 193.08334636688232 0.9127409946089424
160 320 0.08651658477896444 199.2265145778656 0.9216886452849602
165 330 0.08316128958134565 205.35979509353638 0.9285959060892154
170 340 0.08240037738463252 211.48312211036682 0.9373365290671257
175 350 0.07911031408889949 217.63868761062622 0.9498691492698087
180 360 0.07838474328380504 223.77986192703247 0.9637608749484639
185 370 0.07642275687732013 229.96762418746948 0.9765666818128567
190 380 0.07475771907050144 236.09922742843628 0.9888934329463288
195 390 0.07448384245550906 242.21699213981628 1.0007116277786168
200 400 0.07138790306210457 248.36077189445496 1.0115708975288613
205 410 0.07093489110030514 254.53856754302979 1.0223370724548484
210 420 0.06850728887486386 260.89836955070496 1.0322976026910224
215 430 0.06760154137890931 267.4923794269562 1.0421630367646662
220 440 0.06739637967996048 273.9080128669739 1.0516506869293598
225 450 0.06484188697010168 280.0517694950104 1.0604363790677227
230 460 0.06430487941875292 286.25385665893555 1.0692202809160831
235 470 0.0641424617123085 292.37833881378174 1.0776553728587968
240 480 0.06154420151947308 298.5088789463043 1.085534842459122
245 490 0.0611553032267296 304.73800444602966 1.0934646102707872
250 500 0.061027892452012567 310.91149282455444 1.1010682998419112
255 510 0.0586025779568443 317.14698672294617 1.1081973012234192
260 520 0.05824341547858669 323.5098502635956 1.115387857021292
265 530 0.058096030828461265 329.7740831375122 1.122305101199916
270 540 0.055970155012419906 336.2159080505371 1.1287853307706341
275 550 0.05551994887553252 342.6397497653961 1.1353322195115898
280 560 0.055338782643108264 348.8915591239929 1.1416730409608178
285 570 0.055284624939695645 355.6263680458069 1.147728053030766
290 580 0.05307423805444278 362.5038073062897 1.1535006457401789
295 590 0.05282150599406052 369.0727310180664 1.1593101202888723
300 600 0.05267668847794414 375.39539313316345 1.1649061602140343
305 610 0.051015322997527465 382.55741333961487 1.1701690159507463
310 620 0.05042455936740754 389.1747305393219 1.1754922228170739
315 630 0.05024076649834723 395.6827862262726 1.1806925675303415
320 640 0.050146006932362736 402.29853534698486 1.1856960072827385
325 650 0.048602824210995266 408.66100811958313 1.1904152626168814
330 660 0.048056873217483115 415.327171087265 1.195198399032719
335 670 0.047875806876909954 421.6217288970947 1.1998745133000275
340 680 0.04776941296012323 428.24076628685 1.204383060189846
345 690 0.04671542505545004 434.9548466205597 1.2086400629064944
350 700 0.04583115094468895 441.50864601135254 1.2129430428813848
355 710 0.045647076433080136 448.324898481369 1.2171778528485593
360 720 0.045523497008876035 454.88858699798584 1.2212759774667952
365 730 0.04549279979024416 461.38389015197754 1.2252170147710657
370 740 0.043794168751039045 467.8925406932831 1.229024323476074
375 750 0.04355897497107723 474.3995518684387 1.2328811723330177
380 760 0.0434151062121759 480.894891500473 1.2366338230249667
385 770 0.043340821182824424 487.36491775512695 1.240259094068194
390 780 0.042401310094937694 493.8367762565613 1.2437035204007936
395 790 0.04161395019770445 500.55039501190186 1.2472128712779729
400 800 0.041450869659667725 507.0438656806946 1.2506665398598624
405 810 0.04133111731610149 513.5620782375336 1.2540200092836422
410 820 0.041287681259383924 520.0795056819916 1.2572602574176406
415 830 0.04131984128427453 526.6256411075592 1.2603769651138514
420 840 0.039728283488444316 533.1123065948486 1.2634589920301873
425 850 0.03954810972791352 539.8344686031342 1.2665497808643926
430 860 0.03941044944862747 546.3790118694305 1.2695563711442437
435 870 0.03933964247320387 552.9754173755646 1.2724682708022577
440 880 0.039351638337036865 559.482727766037 1.2752772521567768
445 890 0.03801837662902978 565.7602081298828 1.2780072179446065
450 900 0.037753981000628045 571.8282496929169 1.280790637513151
455 910 0.0376113879390033 577.953864812851 1.2835082814842862
460 920 0.037508351964616396 584.0641882419586 1.2861483646581424
465 930 0.0374825252844323 590.1655647754669 1.2887046188866764
470 940 0.03752139061701369 596.2645916938782 1.2911704839682643
475 950 0.036087927854871374 602.4151513576508 1.293647941884747
480 960 0.035930290533761455 608.5202941894531 1.2961245582927057
485 970 0.03580337330173426 614.9219851493835 1.2985378678108557
490 980 0.03572767046384977 621.4529356956482 1.3008831818498572
495 990 0.03572523397825045 628.044492483139 1.3031554053216403
500 1000 0.03577223589543495 634.5139439105988 1.3053492253181118
