0 0 4.747222222222222 0.008061885833740234 11.000000000000002
60 120 0.09492009533473986 0.7261149883270264 2.408954344356274
120 240 0.06749611279524358 1.371730089187622 2.3631717833082218
180 360 0.06532692499356159 2.04868483543396 1.568342698614792
240 480 0.06807575040121433 2.7486507892608643 0.8733549702749195
300 600 0.0674314528408301 3.6081647872924805 0.4488375098880118
360 720 0.06776718014579079 4.41790771484375 0.22781898162441788
420 840 0.06820922822928406 5.064904689788818 0.2324415204893315
480 960 0.06847815058953191 6.163891792297363 0.22625175321091245
540 1080 0.06831029662909034 6.887130975723267 0.27646818976418175
600 1200 0.06805468284096985 7.641602039337158 0.22000448740774567
660 1320 0.06813313146856126 8.317843198776245 0.2200032999495289
720 1440 0.06836803177699775 9.065215110778809 0.22000257852062755
780 1560 0.06846745150338723 9.701752424240112 0.2200020925992935
840 1680 0.06856979630447874 10.368701219558716 0.22000160589742715
900 1800 0.06857566443750783 11.02817702293396 0.22000127233387018
960 1920 0.0684822940433318 11.660640954971313 0.2200010591343253
1020 2040 0.06842465802661338 12.350540161132812 0.22000088074831087
1080 2160 0.06852406662375199 13.176122426986694 0.22000074746464715
1140 2280 0.0686589506047708 14.06452751159668 0.22000063967590044
1200 2400 0.06864356504740268 14.871996641159058 0.22000053751064202
1260 2520 0.06861771811698016 15.575132369995117 0.220000460927877
1320 2640 0.06860615814028202 16.222455263137817 0.22000040290733416
1380 2760 0.06856346937895187 16.867225885391235 0.22000035124419104
1440 2880 0.06857540658701936 17.516974925994873 0.220000310869222
1500 3000 0.06852001162591796 18.1716628074646 0.22000027525803476
1560 3120 0.06855529952964823 18.88275909423828 0.22000024339563898
1620 3240 0.0686372676204154 19.529032230377197 0.22000021780402673
1680 3360 0.06869821384299891 20.17691946029663 0.22000019501837734
1740 3480 0.06867495906256944 20.835824489593506 0.22000017459105042
1800 3600 0.06869237833624983 21.481836557388306 0.22000015906915807
1860 3720 0.06866578885691915 22.12824559211731 0.22000014446680613
1920 3840 0.06866644543579446 22.774911403656006 0.2200001306235838
1980 3960 0.06867248569068306 23.421627521514893 0.22000011922768614
2040 4080 0.06869294106716364 24.07024645805359 0.2200001089689532
2100 4200 0.06869069003444493 24.71687936782837 0.22000009979055063
2160 4320 0.06869259041260944 25.433736085891724 0.22000009205888377
2220 4440 0.06873932355338395 26.081639051437378 0.22000008459080753
2280 4560 0.06872072234645403 26.728364944458008 0.2200000776115023
2340 4680 0.0687085695504617 27.382323026657104 0.22000007210521386
2400 4800 0.06873099503020738 28.038988828659058 0.2200000670759036
2460 4920 0.06869778286171256 28.82948660850525 0.22000006195735475
2520 5040 0.06868760840589413 29.47932744026184 0.22000005761739327
2580 5160 0.06867942869645233 30.125577449798584 0.22000005377455314
2640 5280 0.06869445747442536 30.773812294006348 0.2200000500586909
2700 5400 0.06870452608027798 31.421884298324585 0.22000004688120905
2760 5520 0.06869357273474642 32.08000636100769 0.22000004386222105
2820 5640 0.06869347508325169 32.73178148269653 0.22000004097720782
2880 5760 0.0687099356994958 33.37987160682678 0.22000003867919218
2940 5880 0.06871454767863495 34.02753567695618 0.22000003638931606
3000 6000 0.06873556726046107 34.67770862579346 0.22000003405200672
3060 6120 0.06875576969667066 35.36164355278015 0.22000003221517206
3120 6240 0.0687314439371049 36.008280515670776 0.22000003048737884
3180 6360 0.06874981313489519 36.65572452545166 0.2200000286615177
3240 6480 0.06873609325272165 37.303035259246826 0.220000027107938
3300 6600 0.06873848718264336 37.9513304233551 0.2200000256834667
3360 6720 0.06873580504222424 38.720680475234985 0.22000002427621057
3420 6840 0.06873827659383183 39.372260332107544 0.22000002308015912
3480 6960 0.06875768162490961 40.02162432670593 0.22000002194632942
3540 7080 0.06873432213399228 40.668800354003906 0.2200000207440775
3600 7200 0.06873392839652052 41.31514620780945 0.22000001976693556
3660 7320 0.06873445980094907 41.962202310562134 0.22000001887198703
3720 7440 0.06873663884489253 42.60959529876709 0.22000001788232496
3780 7560 0.06872913208337796 43.25748133659363 0.22000001705405467
3840 7680 0.06871396086490784 43.90504503250122 0.22000001631859806
3900 7800 0.06873440269868211 44.565165996551514 0.22000001552605142
3960 7920 0.06873122838439047 45.226335287094116 0.22000001482649842
4020 8040 0.06872521470620963 45.87425923347473 0.22000001420898332
4080 8160 0.06872250609781216 46.542344093322754 0.2200000135627401
4140 8280 0.0687333055975276 47.1909441947937 0.22000001298292865
4200 8400 0.06872612632886368 47.83762311935425 0.220000012457422
4260 8520 0.06872085312664364 48.58153009414673 0.22000001191414917
4320 8640 0.0687289291436409 49.20692706108093 0.22000001143464484
4380 8760 0.06872021120065286 49.82955312728882 0.22000001099714434
4440 8880 0.06872834769720382 50.488288164138794 0.2200000105178551
4500 9000 0.06873032738573306 51.111786127090454 0.2200000101003704
4560 9120 0.06873439477723829 51.73619604110718 0.22000000974722278
4620 9240 0.06873725717450484 52.359469413757324 0.22000000934843428
4680 9360 0.06874630849320276 52.98412251472473 0.22000000898021324
4740 9480 0.06874913677177112 53.60929846763611 0.2200000086709234
4800 9600 0.06873247415661468 54.234280586242676 0.22000000833647823
4860 9720 0.06874549652259132 54.925663471221924 0.2200000080191389
4920 9840 0.06874003322515354 55.55020356178284 0.22000000775493594
4980 9960 0.06873520306526944 56.20038938522339 0.22000000747068235
5040 10080 0.06873676317651464 56.82372236251831 0.22000000718992482
5100 10200 0.06873341366800831 57.44600439071655 0.22000000695787722
5160 10320 0.06874217635789677 58.15894913673401 0.22000000671669762
5220 10440 0.06873736812019274 58.78284215927124 0.2200000064747137
5280 10560 0.06873772231938635 59.4026300907135 0.22000000627022984
5340 10680 0.06874380141951533 60.02721810340881 0.22000000605596434
5400 10800 0.06874313196284643 60.650527238845825 0.22000000584419785
5460 10920 0.06873665769079687 61.27805423736572 0.2200000056676196
5520 11040 0.06873884695225874 61.90078520774841 0.22000000548465729
5580 11160 0.06873803988720856 62.52620053291321 0.220000005299328
5640 11280 0.06873432440749636 63.148754835128784 0.22000000514163673
5700 11400 0.06873292172325605 63.774165868759155 0.2200000049798145
5760 11520 0.0687340151681975 64.72907209396362 0.22000000481607979
5820 11640 0.06873919615391202 65.67349910736084 0.22000000467988734
5880 11760 0.06873176553753509 66.30079197883606 0.2200000045374604
5940 11880 0.06873687740072816 66.92629790306091 0.22000000439090775
6000 12000 0.06873611616511405 67.55100393295288 0.22000000426976876
