0 0 3.495673599453542 3.850368022918701 6.472091145450737
40 120 0.27834256844452065 5.720149040222168 1.8557464614887362
80 240 0.1667811436461952 7.514135837554932 2.0480830594465043
120 360 0.12829043878441235 9.496742010116577 2.3954637766740405
160 480 0.10539614686128396 11.423583984375 2.34961782654704
200 600 0.09113021390511117 13.383798599243164 2.266314035076107
240 720 0.08124476009292853 15.059712648391724 2.2189273001778993
280 840 0.0743139175578141 16.792048931121826 1.9874273357013996
320 960 0.06997299823020368 18.30752682685852 1.9431816453909965
360 1080 0.06527362048010407 19.846473693847656 1.9479153071146469
400 1200 0.06296495684006179 21.503316640853882 1.942537002099012
440 1320 0.06053601226032507 23.890209674835205 1.9597179170859178
480 1440 0.058486128796520306 26.235471487045288 1.9781679140610686
520 1560 0.05733997211328759 28.14008641242981 1.9875463717529538
560 1680 0.05564387231509285 29.847493410110474 1.9829946213047978
600 1800 0.05425839551543922 32.59316420555115 1.9692076539646353
640 1920 0.05300889352384046 35.185776233673096 1.9646035893544402
680 2040 0.051679149510897915 37.32789921760559 1.9776620990835525
720 2160 0.05018202519097563 39.099104166030884 1.982673986547512
760 2280 0.04960961881960625 41.487914085388184 1.9773398516444671
800 2400 0.04904081103505453 43.79195833206177 1.9667380140616864
840 2520 0.048473624654476716 46.05504250526428 1.955071931655674
880 2640 0.04804466855754935 48.12003946304321 1.9425629290816833
920 2760 0.04767876505455611 50.07669138908386 1.9358220902414596
960 2880 0.04724542932415278 51.88308620452881 1.9346840751529415
1000 3000 0.04662938141826865 53.73007822036743 1.9255822688872735
1040 3120 0.046511821347690746 55.4684042930603 1.9079962655270042
1080 3240 0.046088163257708065 57.36520314216614 1.8913049247219067
1120 3360 0.0456959328231486 59.09208917617798 1.8741114896361917
1160 3480 0.045338097695046986 61.25107002258301 1.855165546228199
1200 3600 0.04506465065412257 63.322643995285034 1.8422493527330164
1240 3720 0.044925844600134185 65.13041377067566 1.8311396963161803
1280 3840 0.04469722287199007 67.03606986999512 1.8254572216271165
1320 3960 0.04455559798831764 68.82059693336487 1.825941512770163
1360 4080 0.044323561641116796 70.63539099693298 1.8295104823593504
1400 4200 0.044221947727219865 72.55179810523987 1.8364488827622152
1440 4320 0.043951587872329556 74.40429997444153 1.8473495423098951
1480 4440 0.04383583130981744 76.27698016166687 1.8627515422276355
1520 4560 0.04363444995440634 78.25196838378906 1.8817326194244988
1560 4680 0.04340519614915318 100.14883422851562 1.9037743655286534
1600 4800 0.043333525675576565 103.6485493183136 1.9277352031628765
1640 4920 0.04334585816207023 107.24021339416504 1.951776178935023
1680 5040 0.04309702869923662 109.24089431762695 1.9748594101547468
1720 5160 0.0430999207976773 111.30067825317383 1.9984227103256846
1760 5280 0.04291070324628728 113.51984238624573 2.0166465425370594
1800 5400 0.04285744799168921 115.4661214351654 2.0337588030662475
1840 5520 0.04272921555882091 117.22431421279907 2.0502651865167274
1880 5640 0.04270736196366488 118.97994017601013 2.06587153393451
1920 5760 0.04252404322289559 120.47561025619507 2.0810215364619395
1960 5880 0.042477210375605146 122.3649263381958 2.095862463843174
2000 6000 0.04241693939944299 123.94970273971558 2.111214061344264
2040 6120 0.04229969446337188 126.09342384338379 2.1281925466035454
2080 6240 0.042290209601994325 128.10041666030884 2.1463459235586915
2120 6360 0.04229288726911762 130.98652482032776 2.165824043300711
2160 6480 0.04205691475634414 132.8495945930481 2.186480647134421
2200 6600 0.04204761737798296 134.46195340156555 2.207907660524601
2240 6720 0.04195738910438346 136.03083157539368 2.230365101591073
2280 6840 0.04189176282273592 137.53971481323242 2.2532766202607433
2320 6960 0.04188235372009089 138.9774227142334 2.2762686161849093
2360 7080 0.0418151000665752 141.21318244934082 2.2984208929237377
2400 7200 0.04175490963172804 142.73647928237915 2.319981721300858
2440 7320 0.04171124855499346 144.18058323860168 2.340462986600785
2480 7440 0.04164152459822339 145.6728434562683 2.360027850187969
2520 7560 0.04157613413873984 147.5720386505127 2.3786779615561153
2560 7680 0.041481071096134386 149.11951279640198 2.395861122925778
2600 7800 0.04147923285759124 150.57025599479675 2.4122779535109204
2640 7920 0.04146929700204405 151.9934959411621 2.427993952860866
2680 8040 0.04135847405130884 153.42441177368164 2.443065444467825
2720 8160 0.04135196092589248 154.84656071662903 2.4583874428200057
2760 8280 0.0413415837274948 156.26841473579407 2.4743008672750735
2800 8400 0.04123551811540055 157.69047379493713 2.4903580999613273
2840 8520 0.04123969597634458 159.1125271320343 2.507036083664013
2880 8640 0.041171889064362185 160.55988812446594 2.5241866649586187
2920 8760 0.041141266075561275 162.00866389274597 2.5411336931189155
2960 8880 0.04113567234806409 163.56232500076294 2.558142208913518
3000 9000 0.041083233946514836 164.999018907547 2.574245641755245
3040 9120 0.041031762975671474 166.45017194747925 2.5900576606808143
3080 9240 0.041042460824842836 167.8820939064026 2.6057086276433337
3120 9360 0.041041496815268946 169.30909609794617 2.620930569382702
3160 9480 0.04095773669438979 170.73903822898865 2.6356828526333755
3200 9600 0.04091577641973798 172.28219509124756 2.6496968818684112
3240 9720 0.04090879685254431 173.7591850757599 2.6628008568822032
3280 9840 0.040846185205783175 175.21734309196472 2.674526696586261
3320 9960 0.04085145959651659 176.64049100875854 2.6857571954902557
3360 10080 0.04083624976161607 178.08597993850708 2.696359207033872
3400 10200 0.040824215313343945 179.53767776489258 2.706874767317798
3440 10320 0.04073929723965483 180.97161054611206 2.717424542413357
3480 10440 0.04070317559164145 182.3878366947174 2.7282979172719726
3520 10560 0.04073839963162709 183.79883074760437 2.739512204987589
3560 10680 0.0406919407481483 185.2247395515442 2.750592833350174
3600 10800 0.04066006875581925 186.63304734230042 2.762014920933739
3640 10920 0.040656006210708334 188.04382252693176 2.7732919190130394
3680 11040 0.04058333496961934 189.45280361175537 2.7842779906134516
3720 11160 0.040602980895334456 190.86423754692078 2.7953049369997034
3760 11280 0.04060770910121897 192.30104064941406 2.805797355294691
3800 11400 0.04055426630735187 193.71717476844788 2.8161901241689566
3840 11520 0.04055986454448403 195.12194061279297 2.8264514035031234
3880 11640 0.040526577743697056 196.5320246219635 2.836306501536252
3920 11760 0.040510807633785464 197.9185106754303 2.845545381019516
3960 11880 0.04044922358555347 199.31061935424805 2.8545361975335175
4000 12000 0.04048098867532858 200.69337964057922 2.8630620397047397
