0 0 4.747222222222222 0.013800621032714844 11.000000000000002
120 120 0.09667204635778859 1.1715056896209717 9.061278681610323
240 240 0.05326266691068353 2.2568068504333496 6.323876539427521
360 360 0.042127306173191686 3.342353582382202 2.8468436697226434
480 480 0.0372536137357872 4.421701669692993 4.517824949847248
600 600 0.021769852403433418 5.48712158203125 2.837611966962894
720 720 0.01452467363755941 6.569110631942749 2.922917716065834
840 840 0.019444932691997235 7.664478778839111 2.823769742038172
960 960 0.008942808492010026 8.742679595947266 4.3867089043785
1080 1080 0.012017406020302351 9.817704677581787 4.857080376898997
1200 1200 0.012172007822007266 10.907426595687866 2.800024893018354
1320 1320 0.010797442310327587 12.026505470275879 2.7857345164749736
1440 1440 0.008816370364898907 13.126744508743286 3.182138864446992
1560 1560 0.009209893081947418 14.212160348892212 2.7752277517644277
1680 1680 0.010060350082789257 15.284224271774292 2.7705497564843267
1800 1800 0.009655437500055986 16.357693195343018 2.7659157410404984
1920 1920 0.007962802903054955 17.43655014038086 2.757474617072153
2040 2040 0.0073207119914198565 18.513962030410767 2.752165825914696
2160 2160 0.007233885629132658 19.582830905914307 2.7473827760843643
2280 2280 0.007706205479713235 20.65572476387024 2.7427402542313226
2400 2400 0.008079244575955588 21.729724884033203 2.738083826834599
2520 2520 0.007480124922759485 22.85693597793579 2.72966766426229
2640 2640 0.0070255401346419055 23.932612895965576 2.7243194684387917
2760 2760 0.007982462260025872 25.008273124694824 2.7195747050203236
2880 2880 0.006832239173027527 26.08218789100647 2.714901312084306
3000 3000 0.007111910775641661 27.205404043197632 2.710266820883845
3120 3120 0.0066624565849533746 28.302372932434082 2.7018272607572507
3240 3240 0.007502025413873459 29.40762996673584 2.6965087199619986
3360 3360 0.006912649778200747 30.507661819458008 2.691739360116027
3480 3480 0.0067924999052412505 31.635775089263916 2.6870867366483355
3600 3600 0.007140433328751167 32.71728706359863 2.6824421219171595
3720 3720 0.006778980663119785 33.79662013053894 2.6740052746302374
3840 3840 0.006854672547899371 34.95222210884094 2.668680355775303
3960 3960 0.006832519963809541 36.03364109992981 2.6639216908188352
4080 4080 0.0066278930542649495 37.10118007659912 2.6592628132476688
4200 4200 0.0068813016662253035 38.169167041778564 2.6546208245769556
4320 4320 0.00670627729740339 39.2567572593689 2.646179437235915
4440 4440 0.006616023404265814 40.33671736717224 2.640854660205428
4560 4560 0.006757668027675773 41.40664100646973 2.6360972996098737
4680 4680 0.006682171787221608 42.48405981063843 2.631437876123474
4800 4800 0.0065416285726626056 43.54799675941467 2.6267985250643817
4920 4920 0.006743505798262536 44.63976263999939 2.618346210302624
5040 5040 0.006742837148877134 45.7704815864563 2.613034353836877
5160 5160 0.006610417593403528 46.88684153556824 2.6082715842636364
5280 5280 0.006603776956958546 47.952688455581665 2.603617287694437
5400 5400 0.006653088578840394 49.02180337905884 2.5989733425462482
5520 5520 0.00658543755427228 50.088669300079346 2.5905243586870643
5640 5640 0.006634759672032392 51.19807028770447 2.5852038443196173
5760 5760 0.00665390350934611 52.26048946380615 2.5804515946010134
5880 5880 0.006584732177773986 53.34787034988403 2.575789523711372
6000 6000 0.00655856389975587 54.50797438621521 2.571151390280137
6120 6120 0.006622572071897814 55.58699154853821 2.562687903463307
6240 6240 0.006592615128169513 56.69832158088684 2.5573833959708816
6360 6360 0.006555735085795322 57.80189275741577 2.5526226983157367
6480 6480 0.006598012801945774 58.970255613327026 2.5479684449736406
6600 6600 0.006580456000971069 60.030847787857056 2.54332565969874
6720 6720 0.006539005508440637 61.101123571395874 2.5348647230433885
6840 6840 0.006595819873595338 62.27381753921509 2.5295532350457655
6960 6960 0.006573305305973387 63.35145950317383 2.5248027024488806
7080 7080 0.006581903304747477 64.45410180091858 2.520141371213946
7200 7200 0.0065590229480215895 65.55334949493408 2.5155025562115383
7320 7320 0.0065558665556158385 66.69142889976501 2.507030095533928
7440 7440 0.0065627848575695175 67.8262128829956 2.5017299549784786
7560 7560 0.006549847812567941 68.90563082695007 2.4969741797161396
7680 7680 0.006540321468058802 69.98759388923645 2.4923189522701388
7800 7800 0.006566604432477974 71.07953691482544 2.48767718208703
7920 7920 0.006530983929718681 72.16059494018555 2.4792032032739093
8040 8040 0.00655133033454687 73.23862290382385 2.4739017142680235
8160 8160 0.006548512986572913 74.34669780731201 2.4691523923598178
8280 8280 0.006548127477181781 75.44101405143738 2.464493592134234
8400 8400 0.006558388779240254 76.51861810684204 2.459853446078855
8520 8520 0.0065425475989292076 77.57457995414734 2.451371859416198
8640 8640 0.00652698290681035 78.62806987762451 2.4460760503440375
8760 8760 0.006553643670663953 79.66851091384888 2.441325399140874
8880 8880 0.006552674414218321 80.71902370452881 2.436668910563297
9000 9000 0.006530536352998356 81.76915454864502 2.432028155804397
9120 9120 0.006542957984371378 82.81015872955322 2.4235416267465433
9240 9240 0.006533560817949063 83.84411859512329 2.4182496342341784
9360 9360 0.006544092569370108 84.88329029083252 2.4135011055238667
9480 9480 0.0065327784067777395 85.92605423927307 2.4088448154447963
9600 9600 0.006528529424682322 86.9736692905426 2.4042038792517544
9720 9720 0.0065457398325050875 88.05639839172363 2.395712441342155
9840 9840 0.00653271072902481 89.12709927558899 2.390422271374668
9960 9960 0.006523031073873267 90.17868232727051 2.3856755593211108
10080 10080 0.006544485932621039 91.22273921966553 2.3810188389767095
10200 10200 0.006534331609888672 92.27532029151917 2.3763786066603063
10320 10320 0.006530935647096253 93.31548643112183 2.3678805324047674
10440 10440 0.00653736561330151 94.352055311203 2.362596218338424
10560 10560 0.006527544215392728 95.38418936729431 2.3578495564052404
10680 10680 0.00653139998902269 96.42354202270508 2.3531948669258607
10800 10800 0.006531919062524302 97.47559404373169 2.348553825671156
10920 10920 0.006526981834975215 98.51815915107727 2.340051958560484
11040 11040 0.00653279149568399 99.55898213386536 2.3347687592508284
11160 11160 0.006528556949057129 100.60247611999512 2.3300249285585535
11280 11280 0.006530120798228012 101.64337801933289 2.3253688555491037
11400 11400 0.006534120164204585 102.67675805091858 2.3207285364482004
11520 11520 0.006528675638637141 103.71777105331421 2.3122195457341
11640 11640 0.006535570993496345 104.7575740814209 2.3069420519252257
11760 11760 0.006530935020734402 105.79686427116394 2.302198010064001
11880 11880 0.006524973516022811 106.83326554298401 2.2975438653536457
12000 12000 0.0065342616920765345 107.86549258232117 2.2929031776945226
