0 0 4.747222222222222 23.531100511550903 11.000000000000002
60 120 0.5002271486527103 24.208210945129395 9.980045620285866
120 240 0.3830943123735834 24.8835346698761 9.965288862308284
180 360 0.4525705645726594 25.565191507339478 5.214315709921956
240 480 0.38234272749891196 26.237966060638428 7.38296553261004
300 600 0.43281114233726414 26.90859317779541 8.734813173078333
360 720 0.5000096340677661 27.574994325637817 6.923252524126285
420 840 0.16717238179999164 28.239372968673706 3.998689236852931
480 960 0.16493957178766308 28.90719962120056 3.9931337894287986
540 1080 0.1762798171660131 29.57565689086914 6.9187854159573385
600 1200 0.14487510925059063 30.24726152420044 6.910955352752226
660 1320 0.15330374134732755 30.921703577041626 6.911138386827469
720 1440 0.1196134838310784 31.589825868606567 3.857852726056092
780 1560 0.056338145334634465 32.26159906387329 2.763462741884735
840 1680 0.09828781195762858 32.92875051498413 8.881736274575898
900 1800 0.071849413808736 33.60678577423096 10.982488209566444
960 1920 0.09827098419029179 34.307180881500244 10.994990429986334
1020 2040 0.12377060254627564 35.012208223342896 10.992857056005837
1080 2160 0.1583664006672808 35.702582120895386 10.989260431033996
1140 2280 0.1324750755645793 36.37848162651062 13.978755002300282
1200 2400 0.10444867421376075 37.06574511528015 10.974150855587684
1260 2520 0.12565869153817885 37.73802638053894 10.845052763692982
1320 2640 0.12817471423537438 38.405625343322754 10.481461915816391
1380 2760 0.14346965353004343 39.073495626449585 10.640735519590729
1440 2880 0.0956279362804108 39.7395498752594 10.894310302434066
1500 3000 0.09643456682336726 40.42149877548218 10.952312697381654
1560 3120 0.09904939780738121 41.10856246948242 10.954357409187022
1620 3240 0.1170361324859236 41.7913236618042 10.950698117946057
1680 3360 0.11430525857350698 42.47238516807556 10.946453889512863
1740 3480 0.0811360663130429 43.14426326751709 10.942098830237397
1800 3600 0.09147173388736976 43.827627658843994 10.937513774501957
1860 3720 0.10437346571113493 44.515849113464355 17.798556719215878
1920 3840 0.10092433430998547 45.19330358505249 16.17356162358791
1980 3960 0.11077032156314373 45.86517405509949 10.838038760733951
2040 4080 0.1149544852467419 46.54435348510742 10.879371798433763
2100 4200 0.09292846473652916 47.22345685958862 10.906606079312814
2160 4320 0.11146916290239517 47.89573550224304 10.908844482669515
2220 4440 0.110643560997612 48.57150864601135 10.904461055737363
2280 4560 0.10392820480337242 49.255409240722656 10.891648350650273
2340 4680 0.09601064261240289 49.931681871414185 10.796151367965674
2400 4800 0.09156369693807581 50.60358810424805 10.402133157015651
2460 4920 0.07184203043382476 51.28667140007019 10.392563695335253
2520 5040 0.0829465576961477 51.96677541732788 16.21401965718201
2580 5160 0.08771009843131393 52.656973361968994 17.664127086633236
2640 5280 0.09037325109287438 53.358221769332886 17.014820418200785
2700 5400 0.08340100101051397 54.05592179298401 17.040803385704233
2760 5520 0.1006433172021258 54.75848913192749 17.30192372603426
2820 5640 0.10162473455372761 55.45916986465454 16.449917324542074
2880 5760 0.11774644991299069 56.1775062084198 15.916738760433786
2940 5880 0.09739824292175195 56.885701179504395 13.880454604772277
3000 6000 0.11116766151550328 57.58950877189636 14.917317509585612
3060 6120 0.11463044643160797 58.279141664505005 10.32287081665831
3120 6240 0.11082376747944753 58.990567207336426 10.40563177481856
3180 6360 0.10641114779847874 59.68421649932861 10.589294363500866
3240 6480 0.10970383097984154 60.374080657958984 10.72948280916021
3300 6600 0.07734312304640988 61.06498050689697 10.784409210169223
3360 6720 0.088044691989826 61.76218771934509 10.791892002822317
3420 6840 0.10227909651412762 62.450226068496704 17.475801801588716
3480 6960 0.09788330933783987 63.13261890411377 16.939526784396808
3540 7080 0.10454000565351132 63.81174921989441 10.32335229122522
3600 7200 0.08437187164420588 64.50168561935425 10.401044472745344
3660 7320 0.08819426954001978 65.18623471260071 10.563538400397531
3720 7440 0.10661611502417745 65.88728213310242 16.707356678835012
3780 7560 0.10328958255883443 66.57774519920349 12.71535702696324
3840 7680 0.09591839787405809 67.26564049720764 10.752381285722068
3900 7800 0.07879331121238384 67.95369172096252 10.735185633480961
3960 7920 0.08417437998045738 68.63298845291138 10.66589186964964
4020 8040 0.08871198813727052 69.31721067428589 10.378385216272262
4080 8160 0.08750919522730233 70.07337594032288 10.041743685581896
4140 8280 0.08398926015108653 70.79366183280945 16.514030444584037
4200 8400 0.083652665522612 71.48986554145813 10.64155739176566
4260 8520 0.10133936587869408 72.18251371383667 12.737550427151048
4320 8640 0.07970087021710223 72.9163269996643 15.861854371835166
4380 8760 0.09144547091064159 73.63890266418457 10.63456325273925
4440 8880 0.0785229331615767 74.37186074256897 10.66811808485226
4500 9000 0.0785256801808425 75.09346628189087 10.655153964155355
4560 9120 0.07182201332339713 75.84189414978027 10.591047093588774
4620 9240 0.06890403728329275 76.59039163589478 14.676283348997256
4680 9360 0.06968018315589422 77.3270173072815 15.732979258188497
4740 9480 0.07238334504007596 78.0584647655487 12.559173386220625
4800 9600 0.08257967867204277 78.78849959373474 15.210300444013104
4860 9720 0.0754768489099189 79.51122784614563 10.506272524556936
4920 9840 0.08223516140775516 80.22930574417114 10.562647818696478
4980 9960 0.08416062025798854 80.93956685066223 10.566860778800326
5040 10080 0.08861884253587521 81.62873387336731 10.560463776270911
5100 10200 0.08289253617649534 82.34715962409973 10.575897566481125
5160 10320 0.07323460450852204 83.07094049453735 10.62220758002741
5220 10440 0.06832245791033445 83.77014112472534 17.14804674664688
5280 10560 0.08903658519642245 84.46739602088928 10.666104660507148
5340 10680 0.10520640928769828 85.157399892807 10.666498447790161
5400 10800 0.07732373132433647 85.85064005851746 10.664835909065284
5460 10920 0.07584433303388671 86.543372631073 10.66511778815391
5520 11040 0.07199068933554634 87.2925238609314 10.663317498087215
5580 11160 0.08073222057205218 88.02881669998169 10.657317102975638
5640 11280 0.07982110935716996 88.75924777984619 10.657838833969818
5700 11400 0.08533374049124734 89.47767233848572 10.658310631481752
5760 11520 0.07569226794704993 90.18777847290039 16.88281397513859
5820 11640 0.07220336368114189 90.86425590515137 10.6519427701717
5880 11760 0.0755961965374389 91.53295063972473 10.647840697268672
5940 11880 0.08235166280672679 92.19923710823059 10.643681940587193
6000 12000 0.09140297556546582 92.87396955490112 10.639511066481973
