0 0 4.747222222222222 0.006256580352783203 11.000000000000002
120 120 0.07242685417157724 0.7067804336547852 4.9768115095449295
240 240 0.028133416898537572 1.4092106819152832 4.910101587652985
360 360 0.040208440227527315 2.1233644485473633 4.910101587652617
480 480 0.01072519151886639 2.8232131004333496 5.017599901547949
600 600 0.008442369133937422 3.5303151607513428 4.910101587651898
720 720 0.0025339462492256076 4.23400616645813 4.910101587651496
840 840 0.0012307618451768976 4.942757844924927 4.910101587651116
960 960 0.0013217557842925692 5.6710124015808105 4.910101587650745
1080 1080 0.0015751713866161282 6.39783787727356 4.9101015876503835
1200 1200 0.0012562564692412126 7.1254563331604 5.020787201504758
1320 1320 0.0004269556448131817 7.850518465042114 4.910101587649627
1440 1440 0.00021505983010727814 8.558991432189941 4.910101587649246
1560 1560 0.0008606095744690401 9.26744794845581 4.910101587648876
1680 1680 0.0009688813244303485 9.958735704421997 4.910101587648516
1800 1800 0.0008918585855558631 10.670893430709839 4.9101015876481595
1920 1920 0.000796330875783291 11.357780456542969 4.910101587647758
2040 2040 0.000741159035888117 12.051148653030396 4.910101587647376
2160 2160 0.0006545283439566563 12.751818180084229 4.910101587647006
2280 2280 0.0005761215977751893 13.44506549835205 4.910101587646644
2400 2400 0.0004784785480136111 14.150592565536499 4.91010158764629
2520 2520 0.0004205932842189508 14.843641519546509 4.910101587645888
2640 2640 0.00033738211508868576 15.53933310508728 4.910101587645508
2760 2760 0.00029181031183556083 16.23334503173828 4.910101587645138
2880 2880 0.00023113217848652612 16.9384446144104 4.910101587644778
3000 3000 0.0002119110875385688 17.64569664001465 4.910101587644421
3120 3120 0.00016498865350816905 18.344820976257324 4.91010158764402
3240 3240 0.00014494615881313622 19.055732488632202 4.91010158764364
3360 3360 0.00012115568789811126 19.757994651794434 4.910101587643268
3480 3480 9.923685340078314e-05 20.450186014175415 4.9101015876429095
3600 3600 8.959902690483523e-05 21.14351463317871 5.954432236711221
3720 3720 5.552204923980897e-05 21.830278396606445 4.91010158764215
3840 3840 5.314591179320094e-05 22.530696868896484 4.910101587641769
3960 3960 2.527575467256571e-05 23.22803807258606 4.910101587641401
4080 4080 6.857844932789403e-06 23.922773361206055 7.089454782974321
4200 4200 6.916828228009653e-06 24.62020754814148 4.910101587640683
4320 4320 2.09296176720275e-06 25.313419818878174 4.910101587640281
4440 4440 1.687026156937943e-06 26.016173839569092 4.9101015876399
4560 4560 1.1539373359903404e-06 26.718950033187866 4.910101587639531
4680 4680 7.589990904666166e-07 27.412295818328857 4.91010158763917
4800 4800 6.852387740979848e-07 28.106130838394165 4.910101587638814
4920 4920 5.448782309791511e-07 28.806752920150757 4.910101587638413
5040 5040 4.1269819446576594e-07 29.50767970085144 4.9101015876380325
5160 5160 2.374237255409195e-07 30.194344520568848 4.910101587637661
5280 5280 2.499762375290926e-07 30.88650918006897 4.9101015876373015
5400 5400 2.0566107356012608e-07 31.60035729408264 4.910101587636945
5520 5520 2.0636323438960602e-07 32.30831837654114 4.910101587636543
5640 5640 1.3352608840833113e-07 33.005823373794556 4.910101587636163
5760 5760 7.388433495569835e-08 33.69709086418152 4.9101015876357925
5880 5880 1.0655103827028611e-07 34.39121675491333 4.910101587635433
6000 6000 7.258030690349138e-08 35.09477925300598 4.910101587635075
6120 6120 8.250571023604714e-08 35.795568227767944 4.910101587634673
6240 6240 5.0505594262340026e-08 36.495112895965576 4.910101587634293
6360 6360 3.384408128748184e-08 37.18553709983826 4.910101587633923
6480 6480 4.415508711441696e-08 37.87512254714966 4.910101587633563
6600 6600 2.6606643110937966e-08 38.574140548706055 4.910101587633207
6720 6720 3.301601181338043e-08 39.27931475639343 4.910101587632804
6840 6840 1.8984877059313732e-08 39.986018896102905 4.910101587632423
6960 6960 1.503319638218592e-08 40.69595694541931 4.910101587632054
7080 7080 1.782779472658813e-08 41.402875900268555 4.910101587631694
7200 7200 1.0444662815189965e-08 42.10609817504883 4.910101587631338
7320 7320 1.2841983337841256e-08 42.79962348937988 4.910101587630935
7440 7440 6.879344649490804e-09 43.491928815841675 4.910101587630554
7560 7560 6.497846538611185e-09 44.181960344314575 4.9101015876301854
7680 7680 7.0107861738222255e-09 44.87674403190613 4.910101587629824
7800 7800 4.3799038562664094e-09 45.58915400505066 4.910101587629469
7920 7920 4.9148434211332415e-09 46.296165227890015 4.9101015876290655
8040 8040 2.4645891161245714e-09 47.00152397155762 4.910101587628685
8160 8160 2.789619341081462e-09 47.70743727684021 4.910101587628317
8280 8280 2.720272618272901e-09 48.41649341583252 4.910101587627954
8400 8400 1.8146881081149147e-09 49.131279945373535 4.910101587627599
8520 8520 1.8378916721850658e-09 49.83955907821655 4.910101587627198
8640 8640 9.609421036671506e-10 50.539785623550415 4.9101015876268175
8760 8760 1.168098145987173e-09 51.23497200012207 4.910101587626448
8880 8880 1.0378732040461358e-09 51.939977407455444 4.910101587626086
9000 9000 7.465890267122077e-10 52.64035391807556 4.91010158762573
9120 9120 6.727589874078177e-10 53.337685108184814 4.910101587625328
9240 9240 4.4530526488451017e-10 54.03344011306763 4.910101587624948
9360 9360 4.80396333824018e-10 54.738139390945435 4.9101015876245775
9480 9480 3.9561134923538077e-10 55.43744254112244 4.910101587624217
9600 9600 3.0088821711959923e-10 56.14492058753967 4.91010158762386
9720 9720 2.3996861442387996e-10 56.84225344657898 4.910101587623459
9840 9840 1.9917803517621735e-10 57.540754556655884 4.910101587623078
9960 9960 1.9351056868011085e-10 58.23824405670166 4.910101587622708
10080 10080 1.582241559994202e-10 58.93996787071228 4.910101587622348
10200 10200 1.1910397668124517e-10 59.644688844680786 4.910101587621992
10320 10320 8.338579826627779e-11 60.34570550918579 4.91010158762159
10440 10440 8.665709816391143e-11 61.0370135307312 4.9101015876212095
10560 10560 7.64045215984055e-11 61.72732329368591 4.910101587620838
10680 10680 6.326951462742869e-11 62.421515703201294 4.9101015876204785
10800 10800 4.62268140433153e-11 63.121628522872925 4.910101587620122
10920 10920 2.887698413722717e-11 63.81899929046631 4.910101587619719
11040 11040 3.6810776649076615e-11 64.51028895378113 4.91010158761934
11160 11160 2.959907319244337e-11 65.19722533226013 4.91010158761897
11280 11280 2.500968876439913e-11 65.89494609832764 4.91010158761861
11400 11400 1.7593662637871432e-11 66.6017017364502 4.9101015876182545
11520 11520 1.1645906461410505e-11 67.31513333320618 4.910101587617851
11640 11640 1.527795945310828e-11 68.02316904067993 4.91010158761747
11760 11760 1.1443263003840798e-11 68.73555612564087 4.910101587617102
11880 11880 9.727302296980156e-12 69.44170570373535 4.91010158761674
12000 12000 6.558018017521761e-12 70.15579319000244 4.910101587616384
