0 0 3.6222286752416166 3.821323871612549 7.032143148898899
40 120 0.2087294581155194 6.031535863876343 2.6281909570255637
80 240 0.09686637138888138 8.167979717254639 2.964825417623896
120 360 0.06102715843401804 10.294397354125977 3.3765858124414287
160 480 0.04518683956658817 12.405677318572998 3.6070491690004447
200 600 0.034958952771821955 14.52904748916626 3.714490422351549
240 720 0.029849261877237798 16.63932728767395 3.783793205900399
280 840 0.025005419035773385 18.91316246986389 3.831577954490025
320 960 0.021852702988379852 21.168524265289307 3.8606555661398785
360 1080 0.01892445317324222 23.312110424041748 3.8805049092888697
400 1200 0.016958534701158212 25.44351291656494 3.8935490696021717
440 1320 0.015363212334693288 27.548234701156616 3.901234386483907
480 1440 0.013935456499057558 29.679800271987915 3.902031921854134
520 1560 0.013014830366790589 31.78947114944458 3.895473564344048
560 1680 0.012115979880616232 33.946457386016846 3.8804397973087124
600 1800 0.011412783457783696 36.05864596366882 3.8550821117652516
640 1920 0.010783698137999481 38.16714954376221 3.8199948109688755
680 2040 0.01023172275904985 40.40263080596924 3.7768943698668775
720 2160 0.009736721630880893 42.413586378097534 3.7288124953662427
760 2280 0.009368199362192409 44.39112615585327 3.6770795343615705
800 2400 0.00889334120567327 46.387656688690186 3.622316715124662
840 2520 0.008689177440698193 48.396631479263306 3.5645997650464767
880 2640 0.008288371116985105 50.382567405700684 3.5053499298943076
920 2760 0.008010880991411076 52.35581350326538 3.445014890561619
960 2880 0.00774699557437547 54.34268617630005 3.4206058299588054
1000 3000 0.007553950886387037 56.32840347290039 3.437137084235103
1040 3120 0.007359882478931351 58.304274797439575 3.4395899478359557
1080 3240 0.007153512109536783 60.27455806732178 3.429866905666259
1120 3360 0.007039933440900925 62.256035804748535 3.4089792313279017
1160 3480 0.006777240763843201 64.22360801696777 3.3789018838189535
1200 3600 0.0066436735319510415 66.19457530975342 3.341454906597119
1240 3720 0.0065174750051393004 68.15880513191223 3.2978510810467725
1280 3840 0.006387011079710972 70.1282594203949 3.248917322371099
1320 3960 0.006303664830695499 72.09499025344849 3.195877294012924
1360 4080 0.0062316102091831 74.05865836143494 3.1397018573869477
1400 4200 0.006054701837684376 76.03021168708801 3.081115170494519
1440 4320 0.005956885016393146 78.00435757637024 3.0203982715462945
1480 4440 0.005890031510128013 79.97403526306152 2.958456095952455
1520 4560 0.0058324295030329765 81.9400007724762 2.8957236252831016
1560 4680 0.0057061110264818304 83.89566111564636 2.8327348757742796
1600 4800 0.005662266068934857 85.86473155021667 2.769408649516397
1640 4920 0.005550347205558276 87.8266818523407 2.7062731534975524
1680 5040 0.005513530660552213 89.80176448822021 2.643575950207029
1720 5160 0.005453753151022228 91.76101303100586 2.5816102066620745
1760 5280 0.005380760710914881 93.72351503372192 2.520500560159118
1800 5400 0.0053094946276717875 95.68921709060669 2.460363795207729
1840 5520 0.0052595822621921695 97.64159560203552 2.401418432369042
1880 5640 0.005228483087736102 99.60836505889893 2.343413808763067
1920 5760 0.0051459352279411286 101.571932554245 2.286714774738377
1960 5880 0.00510432430071317 103.538654088974 2.2312351456569064
2000 6000 0.005076495569205586 105.49541759490967 2.177111060957182
2040 6120 0.0050309632492995665 107.46341729164124 2.1241798059693595
2080 6240 0.004992595685157586 109.44153952598572 2.0726957815601965
2120 6360 0.004924047930406933 111.40955209732056 2.022429947773923
2160 6480 0.004892945947035071 113.37831544876099 1.9735656300313846
2200 6600 0.0048626770762892485 115.34764289855957 1.9259068398769175
2240 6720 0.004840763541739873 117.3108651638031 1.8796937034524372
2280 6840 0.004761680181161271 119.28025031089783 1.834887249122777
2320 6960 0.004739054675544654 121.23266220092773 1.7913655571992477
2360 7080 0.004666181716817333 123.18966436386108 1.7490920130650176
2400 7200 0.004666479525019529 125.1648051738739 1.7079227909692478
2440 7320 0.0046284911249378224 127.1341164112091 1.6679660991468022
2480 7440 0.004609154207960667 129.10482335090637 1.6291422810033445
2520 7560 0.004591762261115406 131.07251119613647 1.5914726551045022
2560 7680 0.004524348868063299 133.02989983558655 1.5549795636883812
2600 7800 0.004500336223212359 134.99749636650085 1.5195909633857156
2640 7920 0.0044847462707953145 136.95924305915833 1.4852190591209846
2680 8040 0.00445814212488381 138.9162449836731 1.4580632305689276
2720 8160 0.004434095124605603 140.87519717216492 1.4334778014850977
2760 8280 0.004398352479453138 142.83198928833008 1.4092935026252718
2800 8400 0.004370285915497832 144.789715051651 1.3855400930219983
2840 8520 0.004369496986940752 146.7497217655182 1.3620195308537932
2880 8640 0.004358546202291452 148.7161102294922 1.3390243219161122
2920 8760 0.004327632555381614 150.68833756446838 1.3164553677438977
2960 8880 0.004314585646568794 152.65161442756653 1.2942219788245566
3000 9000 0.004292135215889337 154.62410831451416 1.2721244776029905
3040 9120 0.004299404424942768 156.609605550766 1.2502804220482593
3080 9240 0.004265395043792294 158.60839653015137 1.2289147766750959
3120 9360 0.004279509093503053 160.58572697639465 1.2082783059451625
3160 9480 0.004200957421029258 162.54631876945496 1.1884994440383474
3200 9600 0.004170546290590771 164.53750157356262 1.1692096557174432
3240 9720 0.0041705042057751385 166.52193689346313 1.150227553461245
3280 9840 0.004161141494561427 168.52533721923828 1.1312311638336117
3320 9960 0.004192163218419628 170.55528855323792 1.1126370247928934
3360 10080 0.004132427275207379 172.59508538246155 1.0948129412781873
3400 10200 0.004098668688741328 174.62327194213867 1.0775444808636718
3440 10320 0.0040739313194655125 176.62708187103271 1.0606989375455838
3480 10440 0.0040754803256045635 178.6326584815979 1.0440529941061698
3520 10560 0.004064539276253332 180.6265287399292 1.0275545457138904
3560 10680 0.004054102881870025 182.60514426231384 1.011391583824006
3600 10800 0.004045712135262253 184.57423496246338 0.9956873984261736
3640 10920 0.0040188212822473285 186.54980540275574 0.9803200940882867
3680 11040 0.003989546151861367 188.52159357070923 0.9654558807672754
3720 11160 0.003974389162940309 190.4882047176361 0.9508688568513083
3760 11280 0.003958033269862729 192.460458278656 0.936512357621927
3800 11400 0.003951332738907354 194.42853999137878 0.922166456283612
3840 11520 0.003956805785247083 196.38917875289917 0.9080402020399896
3880 11640 0.003926651791190353 198.34655356407166 0.8941303473972576
3920 11760 0.00392008935926462 200.3139066696167 0.8806197935337086
3960 11880 0.0039012669570482883 202.29200673103333 0.8675894118630936
4000 12000 0.00389618726284581 204.25822067260742 0.8548982388828007
