0 0 4.858140432098765 0.025085926055908203 11.0
100 100 0.30447808924954733 1.722879409790039 0.8000000000000005
200 200 0.2960125803952247 3.4133057594299316 0.8
300 300 0.14754450066288818 5.0894622802734375 0.8921467095470216
400 400 0.13245132687938788 6.774516820907593 0.8718238513844813
500 500 0.12837491064332077 8.456307411193848 0.38675760848684687
600 600 0.12777648255326826 10.465601205825806 0.3857149633591799
700 700 0.06773542274616959 12.140151977539062 1.4490687114126009
800 800 0.060533968253927206 13.814351797103882 1.0747879236084474
900 900 0.058248507356875395 15.489169597625732 0.45605778560523835
1000 1000 0.05785350210290305 17.166722774505615 0.3514794205359187
1100 1100 0.056807838437246516 18.878353118896484 0.5541454008598956
1200 1200 0.056804975499042315 20.563901662826538 0.5861560304543244
1300 1300 0.05589848104095352 22.2449369430542 0.2965848497535378
1400 1400 0.05599058894398232 23.921103715896606 0.21547365042754357
1500 1500 0.037518246030213365 25.603593111038208 1.0335256659017857
1600 1600 0.03158870191156429 27.28627634048462 0.7856349978655658
1700 1700 0.029579652563205244 28.971397876739502 0.7119137674044768
1800 1800 0.02712157009001781 30.647050857543945 0.4363401496325928
1900 1900 0.026327012664197194 32.425864458084106 0.1619095053950357
2000 2000 0.025847012121836044 34.21678376197815 0.17203811233435004
2100 2100 0.025761035195548343 35.94756507873535 0.603937941132589
2200 2200 0.025721283300473796 37.63703489303589 0.3254966342157935
2300 2300 0.0256478168372776 39.3432822227478 0.1750164707057324
2400 2400 0.02560043694291321 41.03251910209656 0.13096909644110377
2500 2500 0.01847756218295986 42.7185423374176 0.5289910963094928
2600 2600 0.014182854784610094 44.407445430755615 0.3356629035129516
2700 2700 0.013619970933636663 46.09197211265564 0.33711144787424413
2800 2800 0.01269896448522878 47.94693946838379 0.40636673400354084
2900 2900 0.012342080797204738 49.6649706363678 0.5027856827624357
3000 3000 0.012248897212465554 51.36485028266907 0.5654915618994482
3100 3100 0.012213692502904397 53.06945180892944 0.6186782832082076
3200 3200 0.012151943633526535 54.758092164993286 0.6693565451581539
3300 3300 0.011987265191811175 56.525952100753784 0.723468284738281
3400 3400 0.012026301806831993 58.265315771102905 0.7676765209862926
3500 3500 0.011999510308042333 60.010618686676025 0.8024192061611318
3600 3600 0.01196638272594222 61.76511263847351 0.7919838042307538
3700 3700 0.011899786548033392 63.49725079536438 0.7562191783489403
3800 3800 0.01187608000062601 65.18109321594238 0.7395115175969563
3900 3900 0.011872251035582579 66.8670163154602 0.7238354276936823
4000 4000 0.011851309522411854 68.57173013687134 0.7072059209885532
4100 4100 0.011851453145210605 70.28991317749023 0.6847611600940333
4200 4200 0.011844910251635143 72.01537466049194 0.6701755875124812
4300 4300 0.01184406840009998 73.74734258651733 0.6500925220336721
4400 4400 0.011843678423246337 75.47180485725403 0.6369125217756713
4500 4500 0.011840622896629377 77.18889617919922 0.6196424654844268
4600 4600 0.01184043976358816 78.9302487373352 0.6055340365764452
4700 4700 0.01183792716343715 80.68527603149414 0.5857015705045401
4800 4800 0.011838980022952666 82.37360000610352 0.5737984772153951
4900 4900 0.011834853723779765 84.06365823745728 0.5574270714415089
5000 5000 0.011838025027533366 85.7725601196289 0.543723946138008
5100 5100 0.011835766308488094 87.46186327934265 0.5274786800377746
5200 5200 0.011835572118322438 89.1604311466217 0.5141406023157667
5300 5300 0.011833052456244497 90.84297561645508 0.4977722548670743
5400 5400 0.011827798361631336 92.53709888458252 0.4857920968734124
5500 5500 0.011826679495857834 94.2347514629364 0.46899001298124043
5600 5600 0.011826807175553705 95.92421245574951 0.45604571619404866
5700 5700 0.011829497717082832 97.61533975601196 0.43950459337093983
5800 5800 0.011829103019588158 99.3251416683197 0.42682094458598285
5900 5900 0.011832335848157488 101.00334787368774 0.4104412803676785
6000 6000 0.011830645445282742 102.68453764915466 0.39703706025722546
6100 6100 0.011827996454461837 104.37389731407166 0.3800057865092421
6200 6200 0.011826423508494346 106.05030918121338 0.36681316784966916
6300 6300 0.011826285848893989 107.73362970352173 0.34905385696736624
6400 6400 0.0118239107524645 109.42475175857544 0.33545544903257096
6500 6500 0.011823937393955222 111.09765148162842 0.3166591663847884
6600 6600 0.01182252987290816 112.78796005249023 0.3024610076034811
6700 6700 0.011825050424800282 114.48766589164734 0.28307140693565347
6800 6800 0.011827503358330244 116.19682478904724 0.2680542181655995
6900 6900 0.011824861896661876 117.92530226707458 0.24715985718972291
7000 7000 0.011824317902597137 119.64206767082214 0.23161988711410736
7100 7100 0.0118206538901212 121.34402990341187 0.20890870810745554
7200 7200 0.011819968490071942 123.04419994354248 0.1926430957594811
7300 7300 0.012386670411873205 124.74797105789185 1.5459067797225454
7400 7400 0.007480425546746272 126.43712258338928 1.0131182838604458
7500 7500 0.006585982204304314 128.14255261421204 0.7821582191276538
7600 7600 0.006348693741258932 129.83786725997925 0.8114682160518408
7700 7700 0.006288724893491512 131.51440453529358 0.5879485150437885
7800 7800 0.006053462499771303 133.20521235466003 1.25044552766753
7900 7900 0.005991430147566049 134.78947401046753 1.113796540092571
8000 8000 0.005965539256396438 136.37516474723816 0.3746787550545212
8100 8100 0.00592103804840341 137.96827054023743 0.20383707217916816
8200 8200 0.005925964384527263 139.55359172821045 0.5187966066332582
8300 8300 0.005880066798648331 141.13895440101624 0.4284303347891619
8400 8400 0.005864941301643098 142.73479008674622 0.31763932240010107
8500 8500 0.005848320192181802 144.31812930107117 0.36281641491292854
8600 8600 0.005834301916917181 145.90733790397644 0.0940780339925116
8700 8700 0.005738487580130652 147.50295495986938 1.4476955175276471
8800 8800 0.004471361229785489 149.08344388008118 0.5139293909198901
8900 8900 0.004022110656488359 150.67531323432922 0.44380068582478005
9000 9000 0.004069690451335928 152.26934480667114 0.7818716278999063
9100 9100 0.003926370894744444 153.86091232299805 0.505392030548777
9200 9200 0.0038494776365520095 155.45059299468994 0.14260313233629068
9300 9300 0.0037909789662649573 157.0427758693695 0.4567360680422457
9400 9400 0.0038073746319448043 158.6301293373108 0.19452501048248674
9500 9500 0.003762450904064102 160.20927238464355 0.3774813992819017
9600 9600 0.0037577541810429466 161.780455827713 0.3543240626441398
9700 9700 0.0037388351072907416 163.36197972297668 0.14553269800234286
9800 9800 0.0037344568878877604 164.94323086738586 0.10032079528112724
9900 9900 0.0037165224477138104 166.52772307395935 0.0840912656194529
10000 10000 0.0037231026268258888 168.1209433078766 0.0979207663040507
10100 10100 0.003713146857708627 169.69467043876648 0.1014381039204491
10200 10200 0.0036947953088209834 171.2688603401184 0.0816917098548767
10300 10300 0.003701534762701464 172.83811235427856 0.08327319285830662
10400 10400 0.0036971069383912036 174.40619325637817 0.09812046132936172
10500 10500 0.0036971972330382546 175.97091817855835 0.09472861601850065
10600 10600 0.0036926469035800658 177.5463650226593 0.07837126184592158
10700 10700 0.00369182588018703 179.1236126422882 0.08508319427314699
10800 10800 0.003692903351700541 180.69319319725037 0.09498026450611498
10900 10900 0.003688991430114766 182.26193857192993 0.08808905382948679
11000 11000 0.0036915089982530597 183.83379101753235 0.08543650654313174
11100 11100 0.003690045534037789 185.3962287902832 0.09052561032072348
11200 11200 0.003688757965979561 186.9568371772766 0.08860427163652203
11300 11300 0.0036882491122319505 188.53910994529724 0.08640374066337854
11400 11400 0.0036878660868770174 190.09410572052002 0.08837957469222076
11500 11500 0.0036867625369068208 191.6620228290558 0.08855683252513212
11600 11600 0.0036861571510928975 193.24290990829468 0.08538064349277805
11700 11700 0.0036865637049711963 194.80670762062073 0.08684245462158932
11800 11800 0.0036861727201319416 196.37340211868286 0.08861719491143977
11900 11900 0.0036861562925274566 197.9399538040161 0.08748939794450539
12000 12000 0.0036864920447048644 199.51539301872253 0.08643967150443237
