0 0 4.858140432098765 0.03842782974243164 11.0
120 120 0.054019201971602065 3.599794864654541 12.764880061154512
240 240 0.02452092125509364 7.6046295166015625 7.792928432775565
360 360 0.01457467908284038 11.29779052734375 7.220160307997959
480 480 0.011493743018405916 14.736321687698364 8.94046082194833
600 600 0.009986955791786642 17.951462745666504 8.884478491499891
720 720 0.005586484261527885 21.1437087059021 8.741752016182724
840 840 0.005096848238762761 24.173454523086548 8.908986256712128
960 960 0.004703732161585136 27.33889079093933 8.922608885113267
1080 1080 0.004276774183202645 30.43528699874878 8.921013773915654
1200 1200 0.004263539225948826 33.50524020195007 8.92510076540817
1320 1320 0.0029132529842832433 36.522998332977295 8.916489850441252
1440 1440 0.0022074778710349102 39.58997845649719 8.918052390488008
1560 1560 0.001750118514680335 42.66310429573059 8.9176054131783
1680 1680 0.0019686923728255423 46.37533617019653 8.918318822789006
1800 1800 0.0017791336342376785 49.69109106063843 8.916351302216738
1920 1920 0.0015335596798812245 52.685750246047974 8.919786068832341
2040 2040 0.0012302205264865113 56.19986629486084 8.917528773281251
2160 2160 0.0011603589188556584 59.74539113044739 8.91755793066031
2280 2280 0.0009459793120654147 63.61597204208374 8.917919769192544
2400 2400 0.0007629877747035718 67.90012621879578 8.918731177553415
2520 2520 0.0008615185711606382 71.09772610664368 8.918181955517987
2640 2640 0.0008040051056339287 74.24420094490051 8.917657581178014
2760 2760 0.0008250458107597752 77.38542175292969 8.919232817623044
2880 2880 0.0006685555108014996 80.64226269721985 8.918136208329459
3000 3000 0.0004898638670867289 83.93879747390747 8.918129324730149
3120 3120 0.0003880850039124778 87.20549154281616 8.917578002283511
3240 3240 0.0003967430257393323 90.2466287612915 8.918541781038792
3360 3360 0.0004033270879757467 93.35763573646545 8.918340721305238
3480 3480 0.00040672017520497483 96.59214162826538 8.917973825687875
3600 3600 0.00030856444469093414 99.86892557144165 8.918253319843954
3720 3720 0.00022505577318231162 103.20322561264038 8.918142954233536
3840 3840 0.0002458014682965026 106.3502345085144 8.918325981623564
3960 3960 0.0002594027068591326 109.43794631958008 8.918335313612696
4080 4080 0.00020022352405449362 112.81702828407288 8.918456592365946
4200 4200 0.00020811772676983253 115.90977215766907 8.918407826465753
4320 4320 0.00015964367318588302 119.39833235740662 8.91823216179184
4440 4440 0.00019024007676216037 122.78265857696533 8.918332150072738
4560 4560 0.00016368461184979033 126.03708672523499 8.918360902651692
4680 4680 0.00012547204344544316 129.00276064872742 8.91839374442794
4800 4800 9.801602344755578e-05 132.10691857337952 8.918285367075745
4920 4920 9.767789020666273e-05 135.41499090194702 8.918385878758
5040 5040 0.00012918910191571376 138.46086168289185 8.918412436525728
5160 5160 0.00010358852668376772 141.75877571105957 8.91836025825453
5280 5280 8.541544000602308e-05 144.97845792770386 8.918315309144202
5400 5400 5.2710904280175996e-05 148.11926293373108 8.918331040663407
5520 5520 5.970671689527196e-05 151.33006405830383 8.918401141827037
5640 5640 6.191452481950355e-05 154.68777585029602 8.918356673284238
5760 5760 5.877645378668528e-05 157.99605774879456 8.918377015191837
5880 5880 5.8547326639041275e-05 161.51785492897034 8.918364818233718
6000 6000 3.355097405706442e-05 164.72530102729797 8.918356929118524
6120 6120 4.410332109530679e-05 167.81767392158508 8.91834856976067
6240 6240 2.9941601144764518e-05 170.99245691299438 8.918347871665832
6360 6360 2.8323408007582818e-05 175.08217883110046 8.918383380710452
6480 6480 2.768266145272702e-05 178.8127417564392 8.918338335979799
6600 6600 2.6010286004948813e-05 182.40894985198975 8.918344547637693
6720 6720 3.134377413478717e-05 186.22483205795288 8.918360045918075
6840 6840 2.004954898870981e-05 190.0734052658081 8.918355044206113
6960 6960 1.7058896317478922e-05 193.84731030464172 8.918355036864025
7080 7080 1.586220384425241e-05 197.7434070110321 8.918339669843343
7200 7200 1.4427894870078228e-05 201.4968922138214 8.918366202872056
7320 7320 1.706191040780347e-05 205.31386947631836 8.918355490040314
7440 7440 1.4792720104461754e-05 209.21582555770874 8.918350633921774
7560 7560 1.4011406026401274e-05 212.71777844429016 8.91835308828757
7680 7680 8.596838356592085e-06 216.30431866645813 8.918352066283346
7800 7800 8.924012100577916e-06 219.71884059906006 8.918353160526593
7920 7920 7.526858866832575e-06 223.15384459495544 8.918350123411848
8040 8040 8.014160539804305e-06 226.61049365997314 8.918358814703092
8160 8160 8.138396640433587e-06 230.04988169670105 8.918352554233529
8280 8280 7.268740788365924e-06 233.44842553138733 8.918350394592352
8400 8400 7.957592967816618e-06 236.84639263153076 8.918349816239333
8520 8520 4.432942971324683e-06 240.23479580879211 8.918354408937567
8640 8640 4.914386387722125e-06 243.64723372459412 8.918352250282457
8760 8760 4.058047313695856e-06 247.03655171394348 8.918349473956393
8880 8880 4.389797116241545e-06 250.46750569343567 8.918353098031366
9000 9000 4.6896189709044744e-06 253.84403657913208 8.918350883771062
9120 9120 3.901365970296333e-06 257.3724446296692 8.918352406748339
9240 9240 3.835480304859029e-06 260.7925384044647 8.91834893355415
9360 9360 2.6038349390106186e-06 264.2026164531708 8.918351627955754
9480 9480 2.5861786406011777e-06 267.4099061489105 8.918351443093888
9600 9600 2.2685484580148296e-06 270.37548899650574 8.91835058366883
9720 9720 2.2149619501449225e-06 273.3377437591553 8.918352575643143
9840 9840 2.8964669513686925e-06 276.2999064922333 8.91835041822357
9960 9960 2.246948636652757e-06 279.2601294517517 8.918351186220237
10080 10080 1.848146793131944e-06 282.2145004272461 8.918350370577317
10200 10200 1.4051859269503808e-06 285.1698331832886 8.918351802710795
10320 10320 1.290420511973478e-06 288.1261191368103 8.918351963069718
10440 10440 1.693289910398299e-06 291.1057770252228 8.918351275921534
10560 10560 1.4863598516989818e-06 294.06289505958557 8.918351686369274
10680 10680 1.3264970732673742e-06 297.02243304252625 8.918351324410208
10800 10800 1.4164899335977754e-06 299.9825689792633 8.918351656972119
10920 10920 9.543075231710496e-07 302.932630777359 8.918351371383451
11040 11040 7.067971247443072e-07 305.94161891937256 8.918351888587845
11160 11160 8.763278186579848e-07 308.8855040073395 8.91835176811376
11280 11280 8.236468737876645e-07 311.8274209499359 8.918351847492906
11400 11400 8.982237743593302e-07 314.77393794059753 8.918351785210486
11520 11520 9.014296030313007e-07 317.72016191482544 8.91835161839523
11640 11640 6.04954331948071e-07 320.66149377822876 8.918351716726729
11760 11760 3.744958176898905e-07 323.6092917919159 8.918351524277226
11880 11880 4.5492345071562745e-07 326.54878401756287 8.918352008293365
12000 12000 5.112565056031304e-07 329.4885482788086 8.918351790453501
