0 0 4.858140432098765 0.03449082374572754 11.0
120 120 0.06106041382133337 3.041363000869751 7.779198452560082
240 240 0.029267002050988034 5.969980239868164 6.160740226873656
360 360 0.018631476334677807 9.0070481300354 3.414360770679712
480 480 0.012662411782104283 12.660709142684937 3.092966316040576
600 600 0.01002389579407384 15.748777866363525 2.8861764647448624
720 720 0.008060220491459144 18.861233949661255 2.8142402968919042
840 840 0.006617819778442502 21.838687896728516 2.666750039563206
960 960 0.006282453733408466 24.85241174697876 2.5696226398761564
1080 1080 0.0054439479680747915 28.236514568328857 3.0937100911221744
1200 1200 0.005530506578798722 31.647215604782104 1.0152710919383292
1320 1320 0.0049524166486886595 34.644805669784546 2.2309521219606356
1440 1440 0.004777520887063361 38.010798931121826 1.695461796067747
1560 1560 0.004737823292633142 41.937978982925415 2.04271861993579
1680 1680 0.004378264098567217 45.71193313598633 1.4740999144065352
1800 1800 0.004454401581094974 49.683839082717896 1.8146832777309612
1920 1920 0.0043082023955196 52.86390995979309 0.987747118066417
2040 2040 0.004446538874638931 56.04611086845398 1.5925780037637436
2160 2160 0.004591106592557112 59.22541785240173 0.9701785855369907
2280 2280 0.004399185260041072 62.31287384033203 1.0236234891098865
2400 2400 0.004291551077058781 65.53092575073242 0.9584194034958804
2520 2520 0.004350023359268151 68.62529873847961 0.9538554737577962
2640 2640 0.004293627353293694 71.73909664154053 0.9449907816002177
2760 2760 0.004329664587204782 74.78483176231384 0.9352475368392908
2880 2880 0.004267908730419545 77.82645392417908 0.9320035854982538
3000 3000 0.004313868229966988 81.13028192520142 0.9271003396668891
3120 3120 0.004322696104926305 84.84500312805176 0.9218956739873703
3240 3240 0.0043063764332920695 87.99633622169495 0.9169622073483428
3360 3360 0.004248597360064749 91.01283144950867 0.9082856353384446
3480 3480 0.004269845853756157 94.65403914451599 0.9020376167079499
3600 3600 0.00425282254746151 98.58710408210754 0.8968774223704366
3720 3720 0.004268143796415255 102.59189677238464 0.8908629971820844
3840 3840 0.004246504047427754 106.48632097244263 0.8845626742127674
3960 3960 0.004242362936081975 109.62694382667542 0.8781164393410814
4080 4080 0.004239541817735962 112.79977798461914 0.8722344348366996
4200 4200 0.0042546613111586334 116.07212090492249 0.8661206416303558
4320 4320 0.004225331378492597 119.2462968826294 0.8604068659228256
4440 4440 0.004239225307932817 122.7061939239502 0.8551886579493476
4560 4560 0.00424180048561297 125.84142208099365 0.8498939029447804
4680 4680 0.004217770213234023 128.97497010231018 0.8439864546194232
4800 4800 0.004229452070171738 132.06763291358948 0.8381311361341626
4920 4920 0.004224017352506881 135.47791504859924 0.8322561050454804
5040 5040 0.0042186337855471545 138.92047810554504 0.8272486270964351
5160 5160 0.004266730214124395 142.0728883743286 0.8200447276401864
5280 5280 0.004254685494793242 145.17388820648193 0.8152533711901873
5400 5400 0.004244032140119383 148.58128595352173 0.811466643200259
5520 5520 0.004238470530785146 151.73486971855164 0.8044782776525179
5640 5640 0.004251156479815887 155.18602442741394 0.799439071020453
5760 5760 0.004228875952445227 158.50244545936584 0.7949951897947313
5880 5880 0.004232324560194636 161.98042941093445 0.7891484082207126
6000 6000 0.004233468839059881 164.99295735359192 0.7838682443337138
6120 6120 0.004229664465401892 168.03037428855896 0.7788201068671784
6240 6240 0.004231292909182921 171.45422220230103 0.7732158938495515
6360 6360 0.004235251352983083 174.54799723625183 0.7677676190841195
6480 6480 0.004234007811392604 177.89288020133972 0.7627529361565758
6600 6600 0.004232804187971187 181.01249837875366 0.7575917733132563
6720 6720 0.004232517524000251 184.33382534980774 0.7519657169756825
6840 6840 0.004236079004872231 187.37993955612183 0.7467749523840069
6960 6960 0.0042317645545602856 190.74733638763428 0.741483199099556
7080 7080 0.004233030231137969 194.07090306282043 0.7362354991255018
7200 7200 0.004234777753973545 197.52399492263794 0.7314214739310347
7320 7320 0.004229993870704135 200.92227911949158 0.7261359270470689
7440 7440 0.004236335930661805 204.01404404640198 0.7210523984832479
7560 7560 0.004238635337370636 207.15097284317017 0.7160520934131341
7680 7680 0.004233551419704287 211.12738394737244 0.7109523405003197
7800 7800 0.004237201536199803 214.97073197364807 0.7060677378689155
7920 7920 0.004235132086528801 218.5821738243103 0.7008534578933814
8040 8040 0.0042402626641782765 222.31505179405212 0.695944248817652
8160 8160 0.0042328894457150795 226.10595607757568 0.6907440895225229
8280 8280 0.004229632087362545 229.99515104293823 0.6857066054598042
8400 8400 0.004229033922744166 233.94349694252014 0.6808769392331644
8520 8520 0.004232806547782519 237.821613073349 0.6752929682671382
8640 8640 0.0042529560685473505 241.5563519001007 0.670517767371228
8760 8760 0.00424775317256644 245.53671598434448 0.6655387106227572
8880 8880 0.0042516352600349 249.0992329120636 0.6604080842527545
9000 9000 0.004250711356117348 252.7286548614502 0.6554646445048169
9120 9120 0.00424664682856804 256.1720666885376 0.6502465929331067
9240 9240 0.004256855851083291 259.69827461242676 0.6453756856933243
9360 9360 0.004247738929906902 263.1724045276642 0.6403996664208997
9480 9480 0.004249273860533656 266.55675649642944 0.6354308615237548
9600 9600 0.004246744574942812 270.0027344226837 0.6306257308407087
9720 9720 0.0042515388242254926 273.4572434425354 0.6254126443269002
9840 9840 0.004240813346241393 276.96154022216797 0.6204341528870138
9960 9960 0.004236812267935139 280.40957522392273 0.6155202651169926
10080 10080 0.0042344563827105275 283.82207226753235 0.6104348017281863
10200 10200 0.0042333234767095995 287.30185437202454 0.6055426956431444
10320 10320 0.0042243062748752724 290.81168031692505 0.6003417801150095
10440 10440 0.004220086655642746 294.35463213920593 0.5953021504646044
10560 10560 0.004227777660531881 297.890602350235 0.5902651633398116
10680 10680 0.004230255259989296 301.3335223197937 0.585230356815011
10800 10800 0.004228877668047762 304.50685119628906 0.5803042611258618
10920 10920 0.004225944088847897 307.4907262325287 0.5750562060310296
11040 11040 0.004225730399297051 310.4689495563507 0.5700141227399461
11160 11160 0.004222189046904648 313.45136737823486 0.564969100604144
11280 11280 0.004223508348782448 316.43481945991516 0.5597908289057715
11400 11400 0.0042258557612423475 319.4192245006561 0.5548124542548962
11520 11520 0.004233955617122143 322.4009027481079 0.5495500104295895
11640 11640 0.004232571701683396 325.3836567401886 0.5443656822780766
11760 11760 0.004228765366972823 328.3851706981659 0.539232655759606
11880 11880 0.004227899307866656 331.3717837333679 0.534003705457132
12000 12000 0.004231358995925791 334.3520097732544 0.5289362141522977
