0 0 4.858140432098765 0.01671147346496582 11.0
50 100 0.0773291565233025 1.1532983779907227 8.999999999965825
100 200 0.022696592030367238 2.2596254348754883 8.999999999965823
150 300 0.012503901358362227 3.3758203983306885 8.999999999965826
200 400 0.007292060877916937 4.538952112197876 8.999999999965828
250 500 0.005941150463017714 5.688474893569946 8.999999999965828
300 600 0.003466543372739883 6.817586660385132 8.999999999965834
350 700 0.0025073660048775814 7.961703062057495 8.99999999996583
400 800 0.0022012194779456734 9.100041627883911 8.99999999996583
450 900 0.0013870039214690377 10.19066834449768 8.999999999965835
500 1000 0.001388371843516728 11.266870021820068 8.999999999965835
550 1100 0.001234724994182007 12.364734172821045 8.999999999965837
600 1200 0.0008325034990005475 13.472122430801392 8.999999999965837
650 1300 0.000806779366538446 14.632120370864868 8.999999999965835
700 1400 0.0006731164811702856 15.740269184112549 8.999999999965837
750 1500 0.0006262443570635434 16.82707381248474 8.999999999965835
800 1600 0.0005339460569232374 17.911422967910767 8.999999999965839
850 1700 0.00045120344081124586 18.99394464492798 8.999999999965832
900 1800 0.00042227054595184166 20.082802057266235 8.999999999965826
950 1900 0.00032063999173423396 21.16510319709778 8.999999999965828
1000 2000 0.0003350776583118942 22.243247032165527 8.999999999965828
1050 2100 0.00027331016739320924 23.321765422821045 8.999999999965832
1100 2200 0.00022548104592673424 24.40613555908203 8.999999999965828
1150 2300 0.0002508857773694806 25.49556303024292 8.999999999965826
1200 2400 0.0002313171728816621 26.593761205673218 8.999999999965825
1250 2500 0.00015866396499249202 27.681012868881226 8.999999999965823
1300 2600 0.00015970744193219422 28.77862286567688 8.999999999965823
1350 2700 0.00017957389992362405 29.90188717842102 8.999999999965823
1400 2800 0.00014007134039605018 31.06452465057373 8.999999999965823
1450 2900 0.00016854029683430194 32.22586417198181 8.999999999965823
1500 3000 0.00013479482879626137 33.353482723236084 8.999999999965825
1550 3100 0.0001226689587138785 34.43497347831726 8.999999999965821
1600 3200 0.00014414975684604037 35.528568506240845 8.99999999996582
1650 3300 0.00012066424404713616 36.626110553741455 8.999999999965816
1700 3400 0.00010420235360100727 37.70764374732971 8.99999999996582
1750 3500 0.00010344960613246912 38.79610347747803 8.999999999965818
1800 3600 9.495975567724857e-05 39.896326541900635 8.99999999996582
1850 3700 9.447726029415682e-05 40.982879877090454 8.999999999965823
1900 3800 9.482607221092398e-05 42.06859469413757 8.99999999996583
1950 3900 8.228915389660307e-05 43.15362024307251 8.999999999965835
2000 4000 7.164032354746441e-05 44.24799656867981 8.999999999965834
2050 4100 7.062295884799341e-05 45.351550340652466 8.999999999965835
2100 4200 8.134609144952454e-05 46.44467759132385 8.999999999965834
2150 4300 8.970776499687971e-05 47.53109908103943 8.999999999965837
2200 4400 6.32123163725462e-05 48.61614108085632 8.999999999965832
2250 4500 5.995077705951701e-05 49.7069194316864 8.999999999965825
2300 4600 6.845768673702235e-05 50.803332567214966 8.999999999965828
2350 4700 6.760306404596239e-05 51.89456105232239 8.999999999965826
2400 4800 5.256173417726717e-05 52.98979210853577 8.999999999965826
2450 4900 5.25667504919225e-05 54.09592342376709 8.999999999965825
2500 5000 4.9787032008988263e-05 55.194557428359985 8.999999999965823
2550 5100 4.898158329431912e-05 56.2848687171936 8.999999999965826
2600 5200 5.595927840688908e-05 57.37408113479614 8.999999999965825
2650 5300 4.4554910169331e-05 58.45573019981384 8.99999999996583
2700 5400 4.9966102956572334e-05 59.54539227485657 8.999999999965832
2750 5500 5.836364983435871e-05 60.633798599243164 8.999999999965825
2800 5600 4.1344314653954384e-05 61.73246455192566 8.999999999965828
2850 5700 4.531228859055991e-05 62.82646417617798 8.999999999965826
2900 5800 5.2678758870147724e-05 63.91815948486328 8.999999999965828
2950 5900 3.888085968142829e-05 65.0027174949646 8.999999999965826
3000 6000 4.142473584028972e-05 66.09418439865112 8.999999999965825
3050 6100 4.78345791244672e-05 67.1851270198822 8.999999999965826
3100 6200 3.387937119679607e-05 68.27968955039978 8.999999999965823
3150 6300 4.108866048570248e-05 69.37488889694214 8.999999999965826
3200 6400 3.9309205491000476e-05 70.4578263759613 8.999999999965825
3250 6500 3.075623694613616e-05 71.54986715316772 8.999999999965823
3300 6600 4.191011415397017e-05 72.63843011856079 8.999999999965825
3350 6700 4.195964047840062e-05 73.73182415962219 8.999999999965823
3400 6800 3.61649235528505e-05 74.81958222389221 8.999999999965821
3450 6900 4.171023681137642e-05 75.89883375167847 8.999999999965825
3500 7000 3.762763518881662e-05 76.97398233413696 8.999999999965821
3550 7100 3.323217546927215e-05 78.05948185920715 8.999999999965818
3600 7200 3.6551781870841626e-05 79.1547338962555 8.99999999996582
3650 7300 3.4504041106026007e-05 80.2426130771637 8.99999999996582
3700 7400 2.7067347395215435e-05 81.3265106678009 8.999999999965818
3750 7500 3.9028308803673584e-05 82.41765999794006 8.999999999965816
3800 7600 2.913821661318372e-05 83.50453925132751 8.999999999965823
3850 7700 3.0073433907568115e-05 84.58858871459961 8.999999999965818
3900 7800 3.493736019022364e-05 85.68181729316711 8.99999999996582
3950 7900 3.059402076185935e-05 86.7780933380127 8.999999999965821
4000 8000 3.0098399840916557e-05 87.87125277519226 8.999999999965821
4050 8100 3.163315596113603e-05 88.96664309501648 8.999999999965826
4100 8200 2.708409563395575e-05 90.06160473823547 8.999999999965825
4150 8300 2.8584101843948106e-05 91.15032386779785 8.99999999996582
4200 8400 2.7559279615632648e-05 92.24574303627014 8.99999999996582
4250 8500 2.5192943697308068e-05 93.32839965820312 8.999999999965823
4300 8600 2.9072961578002765e-05 94.41695547103882 8.999999999965821
4350 8700 2.6275803524308805e-05 95.50989723205566 8.99999999996582
4400 8800 2.3596827450067526e-05 96.60239696502686 8.999999999965816
4450 8900 2.9618283984650384e-05 97.69025778770447 8.999999999965814
4500 9000 2.3683108327454683e-05 98.78228974342346 8.999999999965814
4550 9100 2.6749541904694252e-05 99.87017631530762 8.999999999965814
4600 9200 2.9322589489039208e-05 100.95919036865234 8.999999999965812
4650 9300 1.9537582115147778e-05 102.05215692520142 8.999999999965809
4700 9400 2.7184078537717538e-05 103.1504921913147 8.999999999965812
4750 9500 2.7115864563470593e-05 104.23491716384888 8.999999999965807
4800 9600 2.16595858547608e-05 105.32414865493774 8.999999999965805
4850 9700 2.5835575775484676e-05 106.4094123840332 8.999999999965803
4900 9800 2.6897540663400887e-05 107.49819731712341 8.9999999999658
4950 9900 1.9303942963663778e-05 108.5915265083313 8.999999999965798
5000 10000 2.380868950742354e-05 109.67767357826233 8.999999999965798
5050 10100 2.5886322305157528e-05 110.76079750061035 8.999999999965802
5100 10200 2.131915875770718e-05 111.84301662445068 8.999999999965805
5150 10300 2.5566594706441514e-05 112.92645144462585 8.9999999999658
5200 10400 2.07188811342518e-05 114.01447343826294 8.9999999999658
5250 10500 2.3630552415776496e-05 115.1070249080658 8.999999999965803
5300 10600 2.2465799079815496e-05 116.19113087654114 8.999999999965807
5350 10700 2.174571460507313e-05 117.27159595489502 8.999999999965803
5400 10800 2.021505230850873e-05 118.34741163253784 8.999999999965802
5450 10900 2.4130974952546458e-05 119.42844319343567 8.9999999999658
5500 11000 1.7837047088353764e-05 120.51352095603943 8.999999999965802
5550 11100 2.1366939468733803e-05 121.60610032081604 8.999999999965809
5600 11200 2.110189359597059e-05 122.69995594024658 8.999999999965803
5650 11300 1.9232275147704203e-05 123.79158210754395 8.999999999965809
5700 11400 2.175668068260528e-05 124.88008618354797 8.999999999965812
5750 11500 2.3737297003251223e-05 125.97221851348877 8.99999999996581
5800 11600 1.920279652750656e-05 127.06714177131653 8.999999999965805
5850 11700 2.1893942756368023e-05 128.16370010375977 8.999999999965805
5900 11800 2.038843922780309e-05 129.26405549049377 8.999999999965803
5950 11900 1.8536077890443647e-05 130.35822987556458 8.9999999999658
6000 12000 2.1122919254143446e-05 131.45151829719543 8.9999999999658
