0 0 4.747222222222222 0.005219697952270508 -1
10 20 1.192515563961247 0.10966181755065918 -1
20 40 1.3246013230810312 0.21513652801513672 -1
30 60 0.9739386271605457 0.32238340377807617 -1
40 80 0.6183182136092805 0.4296557903289795 -1
50 100 0.6434614216218579 0.5344107151031494 -1
60 120 0.4665220327241598 0.6432003974914551 -1
70 140 0.3661267061062353 0.7493922710418701 -1
80 160 0.31018805058794485 0.8548519611358643 -1
90 180 0.3312476481111876 0.9591069221496582 -1
100 200 0.36296466588248927 1.0626440048217773 -1
110 220 0.39779424158318233 1.1737656593322754 -1
120 240 0.3039695345199638 1.2803521156311035 -1
130 260 0.2902315609511944 1.384007215499878 -1
140 280 0.3030055156850672 1.4861319065093994 -1
150 300 0.29595496210408473 1.5926995277404785 -1
160 320 0.3128927877012522 1.6997382640838623 -1
170 340 0.46489863585634206 1.8040401935577393 -1
180 360 0.5585444430090842 1.9070405960083008 -1
190 380 0.5982633767763776 2.0106403827667236 -1
200 400 0.6142379772670827 2.1110849380493164 -1
210 420 0.6738694543286361 2.2143003940582275 -1
220 440 0.7150287697996521 2.3173389434814453 -1
230 460 0.7136202573212662 2.419846296310425 -1
240 480 0.6286303124676424 2.522796154022217 -1
250 500 0.5848851624342678 2.6246838569641113 -1
260 520 0.5630192540075551 2.72698974609375 -1
270 540 0.5913007704429378 2.8316397666931152 -1
280 560 0.5725235443392201 2.9334542751312256 -1
290 580 0.4599428956376759 3.033846855163574 -1
300 600 0.3839787426843957 3.136143684387207 -1
310 620 0.3211178597074279 3.2361557483673096 -1
320 640 0.270413761907797 3.3398349285125732 -1
330 660 0.2768825448279325 3.441074848175049 -1
340 680 0.2936021491959318 3.541769504547119 -1
350 700 0.25672952403744753 3.6431727409362793 -1
360 720 0.2496473008787467 3.743927240371704 -1
370 740 0.19636706864923173 3.845001459121704 -1
380 760 0.20236491487310324 3.9453155994415283 -1
390 780 0.24683617172687433 4.0462963581085205 -1
400 800 0.22689590404268972 4.150330543518066 -1
410 820 0.19775726592414364 4.252874851226807 -1
420 840 0.181411861100658 4.356912851333618 -1
430 860 0.1801493753885322 4.45672607421875 -1
440 880 0.15819873051496006 4.558188199996948 -1
450 900 0.17547334185975436 4.659426212310791 -1
460 920 0.1899237134034749 4.761724472045898 -1
470 940 0.18802546019727157 4.862247943878174 -1
480 960 0.2267032853152293 4.96292781829834 -1
490 980 0.2656870280989112 5.064397096633911 -1
500 1000 0.2356323400468025 5.166404724121094 -1
