0 0 4.747222222222222 0.008539915084838867 11.000000000000002
60 120 0.06058596174832877 0.6369419097900391 4.011489575618828
120 240 0.022668757927126748 1.2893967628479004 3.843144060224142
180 360 0.008234083303308909 1.9642720222473145 3.8477107309794394
240 480 0.0045989777877667865 2.6116809844970703 3.849231070396444
300 600 0.0029556930026740647 3.2309160232543945 3.8539995346897236
360 720 0.0019470922498230347 3.842222213745117 3.863660836159949
420 840 0.0013974220296311957 4.451649188995361 3.858062310731333
480 960 0.0009355864456186691 5.0563600063323975 3.8638629346830795
540 1080 0.0008137514083602915 5.670022249221802 3.8661013846030903
600 1200 0.000837916995176019 6.286332368850708 3.8684130714121183
660 1320 0.0007476881504111937 6.902756214141846 3.866769169542136
720 1440 0.0006812824796740835 7.512266397476196 3.8657351782238774
780 1560 0.0005329462544879926 8.122021198272705 3.866417916390272
840 1680 0.0003894716995664904 8.755882024765015 3.865930950540594
900 1800 0.00037924993168222954 9.37134599685669 3.8680693856597017
960 1920 0.00027381496924522297 9.974496126174927 3.8682171332286437
1020 2040 0.0002895142580643384 10.57951021194458 3.8672952721328566
1080 2160 0.0002852884572806802 11.184638977050781 3.867494188253796
1140 2280 0.0002632945862608149 11.79723596572876 3.867061428886877
1200 2400 0.000323082041229078 12.40221095085144 3.867525583231817
1260 2520 0.00025720515316243753 13.004936695098877 3.86745633983129
1320 2640 0.00020274027492256375 13.606388807296753 3.8666338130793196
1380 2760 0.00020222916434151084 14.210456848144531 3.86684770479868
1440 2880 0.00018128332775035894 14.813585996627808 3.866832522774519
1500 3000 0.00019878180731733308 15.417608976364136 3.8671104682549617
1560 3120 0.00020971886921600236 16.021106243133545 3.8674005055748863
1620 3240 0.0001813269872605744 16.698866367340088 3.866666310261026
1680 3360 0.00014650425717073479 17.61370825767517 3.8666697443356854
1740 3480 0.0001570436237005035 18.34440040588379 3.8667841192754384
1800 3600 0.00014626571545919842 18.980586051940918 3.8666020052598773
1860 3720 0.0001266358001382195 19.61759090423584 3.866776984542595
1920 3840 0.0001043866343166111 20.52756977081299 3.8666067672584443
1980 3960 0.00010825704437308903 21.264580726623535 3.8666652756722972
2040 4080 8.864706357115948e-05 21.895444631576538 3.868162450236235
2100 4200 0.00010206114683239398 22.533313751220703 3.8695178883494483
2160 4320 0.0001106977426642286 23.143306732177734 3.8709086175144907
2220 4440 9.600503092964396e-05 23.749883890151978 3.872128043386415
2280 4560 8.996010356407402e-05 24.34702777862549 3.8732320492880628
2340 4680 7.958497149809785e-05 24.96947479248047 3.8744780180105702
2400 4800 6.167044977589686e-05 25.583220958709717 3.8753992856735127
2460 4920 6.397640714682351e-05 26.183979988098145 3.898782572756217
2520 5040 5.526535536518051e-05 26.79526710510254 3.95853996524781
2580 5160 5.747361714748822e-05 27.398759365081787 3.9549957735490873
2640 5280 7.111715114774264e-05 27.99636721611023 3.925224465134846
2700 5400 6.969831919774461e-05 28.594677209854126 3.8794926882294174
2760 5520 5.696823896986225e-05 29.193368911743164 3.8800365774761474
2820 5640 5.552800768057753e-05 29.796540021896362 3.880802046723983
2880 5760 4.8037248116916675e-05 30.395501136779785 3.8813709123882147
2940 5880 3.830091517841028e-05 31.0052809715271 3.8819768960809737
3000 6000 4.400613239140261e-05 31.607501983642578 3.8824621910548682
3060 6120 5.151877306945607e-05 32.20838499069214 3.882794609036224
3120 6240 5.101546180315275e-05 32.81103515625 3.883313176785436
3180 6360 4.3281827576499565e-05 33.412668228149414 3.8837156131010584
3240 6480 4.171167465583103e-05 34.02350306510925 3.8840798152450926
3300 6600 3.419078351653282e-05 34.632044076919556 3.884460792813845
3360 6720 2.9430172776331864e-05 35.2304470539093 3.8846667915610054
3420 6840 3.076561992312876e-05 35.83226203918457 3.8850210656215824
3480 6960 3.673918969163137e-05 36.43433713912964 3.88535450621697
3540 7080 3.6664139728137535e-05 37.033602237701416 3.8855829076752832
3600 7200 3.416923418916862e-05 37.6354033946991 3.8858306176876463
3660 7320 3.2161246578121805e-05 38.245415449142456 3.8859582742600427
3720 7440 3.1009917440913415e-05 38.849324464797974 3.8862145514653195
3780 7560 2.870068854163299e-05 39.454195499420166 3.886513774098294
3840 7680 2.3834649797382923e-05 40.09872579574585 3.8866431089408766
3900 7800 2.8492884697556287e-05 40.70006275177002 3.886796092632289
3960 7920 2.9434529622063277e-05 41.32747483253479 3.886914645386178
4020 8040 2.6835643414491184e-05 41.932591915130615 3.887102519657143
4080 8160 2.728054122029533e-05 42.559669971466064 3.8873440400098294
4140 8280 2.338377080932097e-05 43.18030405044556 3.8873940292843328
4200 8400 2.269234960372568e-05 43.78098011016846 3.8874973725454343
4260 8520 2.080520198495528e-05 44.387333393096924 3.887631984710382
4320 8640 2.4971111997257323e-05 44.99853038787842 3.8877551047199486
4380 8760 2.5914111066810408e-05 45.60095548629761 3.8879399719794927
4440 8880 2.1809542500278445e-05 46.20403528213501 3.8879684535581527
4500 9000 2.424684698443258e-05 46.815065145492554 3.8880314074157836
4560 9120 2.0545232465446484e-05 47.41771745681763 3.8881628805108024
4620 9240 2.025846625587635e-05 48.020822286605835 3.888248026015922
4680 9360 1.954324833164378e-05 48.62215828895569 3.8883801465784624
4740 9480 2.147400925178733e-05 49.22952842712402 3.8884143729816087
4800 9600 2.1953062624008313e-05 49.830469608306885 3.8884431346914115
4860 9720 1.8582404783223927e-05 50.43758845329285 3.888573280342264
4920 9840 2.230002259702435e-05 51.0430645942688 3.888636719028626
4980 9960 1.7354284464865533e-05 51.64701175689697 3.888723153380852
5040 10080 1.9255287774772034e-05 52.247519731521606 3.888764608555958
5100 10200 1.6261230738265353e-05 52.849578619003296 3.8887691673700426
5160 10320 1.94600840453113e-05 53.4518256187439 3.8888866398489794
5220 10440 2.0716290642236457e-05 54.044559478759766 3.8889467434444542
5280 10560 1.6271719207525126e-05 54.64778161048889 3.888995340783295
5340 10680 1.9271534000706025e-05 55.25648546218872 3.8890385420947453
5400 10800 1.475768743043615e-05 55.85768151283264 3.889029502644969
5460 10920 1.679093425210887e-05 56.4622848033905 3.8891239385926184
5520 11040 1.729121510508913e-05 57.08142685890198 3.8891918733184476
5580 11160 1.7708588381515344e-05 57.703457832336426 3.8892064846136503
5640 11280 1.7486757645762685e-05 58.34833073616028 3.8892478072687786
5700 11400 1.4862781687996485e-05 58.963557720184326 3.889237556798901
5760 11520 1.9003423393920693e-05 59.59147381782532 3.889312325361738
5820 11640 1.593571259694837e-05 60.21758675575256 3.8893853010209
5880 11760 1.6231569003849478e-05 60.824811935424805 3.8893705597846324
5940 11880 1.4884009014545785e-05 61.43088483810425 3.889403888347622
6000 12000 1.5689678450336864e-05 62.04037284851074 3.8894128597124262
