0 0 4.858140432098765 0.03230786323547363 11.0
60 120 0.07701293329636053 2.137002944946289 2.906611102769286
120 240 0.05275379388065832 4.283934831619263 3.760976511539598
180 360 0.04627425217179773 6.360478639602661 1.873939542597954
240 480 0.04396793405057725 8.521098613739014 2.1075367385758854
300 600 0.04397698635701083 10.619648694992065 1.6177315199712556
360 720 0.0430407281188388 12.74096131324768 1.65853133577957
420 840 0.04313476643152425 15.077388286590576 1.1336120605262514
480 960 0.04327482384553358 17.215461492538452 1.1011204188864563
540 1080 0.04290129790840491 20.10346531867981 1.073769052365639
600 1200 0.04313830042481501 22.202778577804565 1.032634082354025
660 1320 0.043287411775794815 24.31774091720581 0.9959179673794463
720 1440 0.043105046073878495 26.68237566947937 0.9586921143033053
780 1560 0.04314327321783265 28.826834678649902 0.9179178621590403
840 1680 0.043100627856678064 30.963536739349365 0.8806651042157649
900 1800 0.0430962700543025 33.08008861541748 0.8423446222586447
960 1920 0.04320188089649854 35.191717863082886 0.8059491518647313
1020 2040 0.04303551933092495 37.317126750946045 0.7838872919036641
1080 2160 0.04307290043328926 39.439584732055664 0.7676347616757847
1140 2280 0.04305437728861755 41.62733459472656 0.744454051344542
1200 2400 0.04302370784846407 43.77001643180847 0.7278551291085794
1260 2520 0.043096545357558136 45.913440465927124 0.709929613749964
1320 2640 0.043024378079722175 48.05083966255188 0.6882687163110625
1380 2760 0.04303927389804724 50.1900475025177 0.6721529373441752
1440 2880 0.04302200481098703 52.31034469604492 0.6511902051828913
1500 3000 0.043010175102977305 54.436978578567505 0.6334912613922578
1560 3120 0.04303011696926626 56.57865762710571 0.6151758905814833
1620 3240 0.042968983591307075 58.718262672424316 0.5950183885526916
1680 3360 0.04299167255271 60.84183144569397 0.5766553948338418
1740 3480 0.042960920598719615 62.96514534950256 0.555175891919313
1800 3600 0.0429684060622843 65.08646059036255 0.539594747349315
1860 3720 0.04294615519090461 67.21105670928955 0.5295263295359013
1920 3840 0.04294349942953968 69.33219170570374 0.5124331517951095
1980 3960 0.042940627832339595 71.45433568954468 0.5002802297589256
2040 4080 0.042936362319331706 73.57308292388916 0.4812323575966142
2100 4200 0.04292656275056231 75.69851970672607 0.4691660492675058
2160 4320 0.04292412887986308 77.8203456401825 0.4528723246870517
2220 4440 0.0429268037813105 79.94064545631409 0.4319550313295664
2280 4560 0.04289051604920402 82.05496716499329 0.4172775763030216
2340 4680 0.042910549188469954 84.16841745376587 0.39546169694925914
2400 4800 0.0428770737449318 86.28997015953064 0.37648304564594126
2460 4920 0.042897806087907414 88.4129912853241 0.35616074901946304
2520 5040 0.04288195287700791 90.53999018669128 0.3371314502237863
2580 5160 0.04286885331141124 92.64834713935852 0.32050038084084964
2640 5280 0.0428758338543406 94.7677538394928 0.3040846210689937
2700 5400 0.042847486082734865 96.89831280708313 0.29220480304178204
2760 5520 0.04287053691768952 99.02373504638672 0.27960782114098776
2820 5640 0.04284377082086252 101.13867998123169 0.26714080397987366
2880 5760 0.04285184219767593 103.26512598991394 0.25730048637609637
2940 5880 0.04283397618024748 105.37451791763306 0.24794824770154192
3000 6000 0.04283328227069119 107.51232099533081 0.23886654270825336
3060 6120 0.04283185495567515 109.66923713684082 0.2305069712706178
3120 6240 0.04281910389831162 111.7882833480835 0.22247029639658145
3180 6360 0.042827236292745624 113.90482020378113 0.22000106834038588
3240 6480 0.042807288740661475 116.01931619644165 0.22000101016155788
3300 6600 0.04281552166316385 118.13955020904541 0.22000095613263684
3360 6720 0.04279050608236784 120.2563214302063 0.22000090588929352
3420 6840 0.04280533607030404 122.38309931755066 0.2200008590990317
3480 6960 0.042784633407906336 124.49820065498352 0.22000081547526987
3540 7080 0.04278472129973335 126.62418580055237 0.22000077475490962
3600 7200 0.04277311777350193 128.7421588897705 0.2200007366966547
3660 7320 0.042775557969869815 130.85847091674805 0.22000070109393566
3720 7440 0.042768117100491304 132.98094272613525 0.22000066775021784
3780 7560 0.04275947678507641 135.10039043426514 0.22000063648194032
3840 7680 0.042759156776661617 137.21647548675537 0.2200006071322927
3900 7800 0.04274824275670544 139.34304809570312 0.2200005795597359
3960 7920 0.042756446466183484 141.46514010429382 0.2200005536340348
4020 8040 0.04273381632410078 143.5836260318756 0.22000052922617436
4080 8160 0.04274917992317118 145.70137214660645 0.22000050623168246
4140 8280 0.04273531577414258 147.8244559764862 0.22000048455150523
4200 8400 0.04273794270706169 149.94605898857117 0.22000046408930693
4260 8520 0.04273271670844761 152.07154178619385 0.22000044475795288
4320 8640 0.04273020391224189 154.1916539669037 0.2200004264869939
4380 8760 0.042733151261483915 156.31002616882324 0.22000040920613875
4440 8880 0.042721309865338924 158.42881035804749 0.2200003928462298
4500 9000 0.042727695435843954 160.54685616493225 0.22000037733729358
4560 9120 0.04272089771844592 162.6647231578827 0.22000036263662548
4620 9240 0.0427260280647172 164.78604125976562 0.22000034869353738
4680 9360 0.04271494260283765 166.90535140037537 0.22000033545545702
4740 9480 0.042721394108928085 169.019469499588 0.22000032287417035
4800 9600 0.04271648314456439 171.14758849143982 0.2200003109143773
4860 9720 0.042712588554951136 173.28345227241516 0.22000029953881134
4920 9840 0.0427181665381248 175.40384435653687 0.22000028871375776
4980 9960 0.04270591665857151 177.65358328819275 0.2200002783993997
5040 10080 0.04271919523662901 179.88884353637695 0.22000026857273786
5100 10200 0.04270212170726487 182.03010940551758 0.22000025920271282
5160 10320 0.042714993760058995 184.19947242736816 0.22000025026130257
5220 10440 0.04270792230668957 186.3862645626068 0.22000024172895402
5280 10560 0.04270928229925236 188.53533172607422 0.2200002335787448
5340 10680 0.04270899049760998 190.67129564285278 0.22000022579250256
5400 10800 0.042704209577881236 192.8097414970398 0.2200002183463712
5460 10920 0.042711482279830765 194.97872734069824 0.2200002112237953
5520 11040 0.04270148257228196 197.15406036376953 0.22000020440947593
5580 11160 0.0427091559511 199.2905833721161 0.2200001978857886
5640 11280 0.04269897410972559 201.4248902797699 0.22000019163449122
5700 11400 0.042708198370722955 203.55058908462524 0.22000018564573107
5760 11520 0.04269846889348908 205.69375491142273 0.22000017990273163
5820 11640 0.04270828435400695 207.89986371994019 0.22000017439616315
5880 11760 0.042700449951148856 210.01907896995544 0.22000016911036652
5940 11880 0.04270116007442895 212.14032697677612 0.22000016403708145
6000 12000 0.042703051221784194 214.26151418685913 0.22000015916583487
