0 0 4.8581404320987644 38.84121870994568 11.0
5 10 2.9074899853290805 39.037203550338745 5.107417143934038
10 20 2.5771055340193163 39.23156929016113 4.004193959408763
15 30 2.2890027485596636 39.42755627632141 3.2947663052735843
20 40 2.038441751444901 39.62645506858826 2.7175196691182033
25 50 1.7968701790024517 39.82190561294556 2.2661551200502
30 60 1.5555664004337624 40.01379060745239 1.9844827825782965
35 70 1.3447721862531485 40.20701837539673 1.783017514207782
40 80 1.1727239898244541 40.400490283966064 1.619171564347076
45 90 1.0319223657809937 40.594767332077026 1.4816380407110847
50 100 0.9079313245737262 40.792399644851685 1.3703067977244368
55 110 0.8001783348303388 40.99782347679138 1.2889237472291546
60 120 0.6982976706039465 41.192617893218994 1.217991092060103
65 130 0.6013073741602469 41.39318919181824 1.2493982943448665
70 140 0.5158179057602398 41.60897707939148 1.271490110119011
75 150 0.45781075194435394 41.82555294036865 1.4193031106982166
80 160 0.4200983407205985 42.031869649887085 1.547351255620658
85 170 0.38765859736091474 42.24503207206726 1.6168029405106714
90 180 0.3585617210815424 42.452980041503906 1.6364260444255532
95 190 0.3310371892891152 42.67031168937683 1.7286313255162018
100 200 0.30666472631388014 42.881104469299316 1.8007139532885703
105 210 0.2872913277945739 43.09734535217285 1.8496019834213435
110 220 0.26996925401344773 43.297062158584595 1.8744475314805082
115 230 0.25616386320899565 43.4934446811676 1.8868274022670346
120 240 0.24541520755484267 43.68804883956909 1.897202404326741
125 250 0.23554414090279865 43.88431978225708 1.904016716645748
130 260 0.22629168598503369 44.08025097846985 1.9206558646857026
135 270 0.21848613531758607 44.278623819351196 1.9708228054730519
140 280 0.21090884807595656 44.501599073410034 2.01799717049739
145 290 0.2042860352357012 44.708287954330444 2.0653888359009196
150 300 0.1982859140424213 44.903806924819946 2.1113627643731983
155 310 0.19264820233497998 45.116069078445435 2.15283151822249
160 320 0.18804867768143152 45.315553426742554 2.194364523069835
165 330 0.18346699626656468 45.50951528549194 2.2298404616160235
170 340 0.1794209799907141 45.7261176109314 2.2645730549938574
175 350 0.17529059866229754 45.944814920425415 2.293431889172111
180 360 0.17177703493646326 46.1479218006134 2.3218260620622897
185 370 0.16880650158803773 46.35533022880554 2.3484555346797245
190 380 0.16520201556631944 46.58691716194153 2.3686912611536672
195 390 0.16241735203669588 46.79245376586914 2.3912331423761053
200 400 0.15894552017154395 46.995728731155396 2.4061441365838765
205 410 0.1558662575346318 47.19806408882141 2.4230392383812087
210 420 0.15281773500724022 47.395561933517456 2.4369786400421294
215 430 0.14952980165905339 47.593526124954224 2.4491427076495813
220 440 0.14700580714866682 47.797934770584106 2.4640999685790823
225 450 0.1442006065577472 48.00327205657959 2.474112775063231
230 460 0.14150278110657077 48.21757388114929 2.4847192599080388
235 470 0.13951576023877016 48.42719578742981 2.497609314408118
240 480 0.13689428914948373 48.64119291305542 2.5046610649611383
245 490 0.1345648402139258 48.86889028549194 2.514334024791141
250 500 0.1328761799482955 49.091323137283325 2.5258468832099816
255 510 0.13048702063911818 49.4177041053772 2.5315601460556154
260 520 0.1283470179256584 49.7769455909729 2.539589062048234
265 530 0.12677245027571216 49.98275637626648 2.549309384168533
270 540 0.12477034365778678 50.19780611991882 2.554412049271949
275 550 0.12265522192123138 50.409966707229614 2.5597349518774455
280 560 0.12102924817132227 50.612285137176514 2.5670356589312564
285 570 0.11984970157652061 50.814045667648315 2.5744618152420444
290 580 0.11761859205466693 51.01692461967468 2.574896562150932
295 590 0.11584576645510891 51.21442151069641 2.5784684795926105
300 600 0.11449791155446487 51.40859866142273 2.5832151755810955
305 610 0.11296921649219438 51.61437511444092 2.5848083304185465
310 620 0.11103854045951708 51.81999182701111 2.5846029864258795
315 630 0.10952992359194494 52.0274133682251 2.5868441444220633
320 640 0.10844645299715716 52.22989249229431 2.5899165962602755
325 650 0.10714825853142715 52.43668460845947 2.5898468788582125
330 660 0.10542266473468298 52.63430166244507 2.5879622399756363
335 670 0.10410531154776795 52.8283965587616 2.5884154049460917
340 680 0.1031807465150481 53.02317523956299 2.5896863408664377
345 690 0.1022457034842047 53.2224383354187 2.5891776399484097
350 700 0.10060344389564185 53.41950440406799 2.584656788271842
355 710 0.09935180853110406 53.624396562576294 2.5825133253722736
360 720 0.0984779413502449 53.820420026779175 2.581302600053041
365 730 0.09784862606122818 54.01713848114014 2.5799239732617627
370 740 0.09645024228830198 54.21160006523132 2.5731841496424024
375 750 0.09516774294638414 54.41311764717102 2.567747952309345
380 760 0.09425023026756421 54.60906147956848 2.5639251706327886
385 770 0.09359547025919882 54.806801319122314 2.560648008076716
390 780 0.09283913650668538 54.99943828582764 2.5557809720427223
395 790 0.09144505484240004 55.19367051124573 2.5473750271520967
400 800 0.09038762565868874 55.386571645736694 2.5414955093836484
405 810 0.08964495839306225 55.57793140411377 2.5369622669224645
410 820 0.08908873271280471 55.77053165435791 2.5327591345007177
415 830 0.08866484566312025 55.963934898376465 2.5281016015030486
420 840 0.08736547495806257 56.15854096412659 2.51769948703448
425 850 0.08636190157367035 56.35205936431885 2.5096723522610906
430 860 0.0856472615715228 56.5439829826355 2.5030043229501975
435 870 0.08512110659230407 56.734464168548584 2.496783852832154
440 880 0.08471130946037053 56.92649602890015 2.490286483011743
445 890 0.08383460780655447 57.119492530822754 2.4798064258634613
450 900 0.08279611575479076 57.315205574035645 2.4690889568035983
455 910 0.0820504365249779 57.510239601135254 2.46024745043506
460 920 0.08152273584668868 57.70395517349243 2.452412947479968
465 930 0.08109266982092272 57.89815926551819 2.4447872420029
470 940 0.08077891919740285 58.09005689620972 2.4367322585175266
475 950 0.07967258913264688 58.284637451171875 2.4233949939932136
480 960 0.07882224124234805 58.478670597076416 2.412312757357226
485 970 0.07823398020716843 58.6734356880188 2.4027270266754543
490 980 0.0777739299020527 58.86823916435242 2.393878514863709
495 990 0.07739855467603973 59.0647828578949 2.3850938979007976
500 1000 0.07716157830090131 59.257603883743286 2.375867467007876
