0 0 4.858140432098765 72.18034625053406 11.0
60 120 0.6124403428506253 74.61246013641357 10.050534121688818
120 240 0.2864560702823875 77.12276291847229 9.983152720195953
180 360 0.1304708125124372 79.65420699119568 10.21492655901592
240 480 0.17040798669682333 82.14664912223816 11.352505643079839
300 600 0.2266949102008586 84.66030502319336 9.98055156306285
360 720 0.3425653807907839 87.2201554775238 10.69731904258198
420 840 0.13954362270840337 89.77573943138123 10.187161558991882
480 960 0.13660670409778353 92.31580662727356 10.627941377557136
540 1080 0.22076581199595466 94.85972452163696 13.99999339773595
600 1200 0.10167719698927591 97.5416841506958 13.967784373316197
660 1320 0.12471542121551515 99.74726104736328 10.211529941360519
720 1440 0.07455302539842787 101.85965991020203 10.523193287781902
780 1560 0.12077470255745493 103.9576506614685 10.406536233773549
840 1680 0.08596684174294786 106.00717663764954 10.651894595213058
900 1800 0.12857797202425716 108.11506032943726 10.206847847706468
960 1920 0.2043026052565465 110.40808725357056 10.216415725053507
1020 2040 0.1366757844580028 112.70801877975464 10.56149256453284
1080 2160 0.11400281668647455 115.06795024871826 10.472158558356107
1140 2280 0.16201073769405416 117.1879370212555 10.598738176132326
1200 2400 0.1322145056856965 119.3093581199646 10.321497482439652
1260 2520 0.30594642188376225 121.78178310394287 10.204112545952457
1320 2640 0.12328830776357408 124.14495539665222 10.197601968096816
1380 2760 0.20299065103786168 126.4231436252594 10.176846983523943
1440 2880 0.06074533849874128 128.82959961891174 10.440580975292098
1500 3000 0.10443235062924058 131.18795108795166 10.163201992488773
1560 3120 0.04925751613717738 133.65037059783936 10.170048931213227
1620 3240 0.0561293909759715 136.0520658493042 10.322597283097387
1680 3360 0.08171498495102493 138.51037001609802 10.212272518295212
1740 3480 0.15763774628946134 140.77596712112427 10.328523325909757
1800 3600 0.12073575694172328 143.0376741886139 10.216035029499864
1860 3720 0.2623168614958523 145.46666646003723 10.265127104681053
1920 3840 0.08617909350543834 147.89502358436584 10.223114140355495
1980 3960 0.08629220895199306 150.28798031806946 10.337582639277537
2040 4080 0.2515195170748039 152.70670771598816 10.35407161245843
2100 4200 0.13481611148217623 155.10845971107483 10.219300031168348
2160 4320 0.1763492151085735 157.46710181236267 10.22717762898251
2220 4440 0.09785661825831354 159.91695594787598 10.221294708446846
2280 4560 0.28132747049272566 162.26534843444824 10.401252036492568
2340 4680 0.1774276285735166 164.57875275611877 10.221332217706932
2400 4800 0.23848440797417705 166.99786233901978 10.218695068340264
2460 4920 0.09439267104227017 169.41365242004395 10.217440545072794
2520 5040 0.03219981799462013 171.7475745677948 10.212716142300504
2580 5160 0.08700607915556147 174.0317621231079 10.217297722933369
2640 5280 0.08981353368571915 176.4592161178589 10.215383190995414
2700 5400 0.10118871753054628 178.74078369140625 10.208765100904943
2760 5520 0.1114759511690481 181.1294505596161 10.209658123174451
2820 5640 0.12188610274928449 183.49209928512573 10.20735238679467
2880 5760 0.2953316672885298 185.87749075889587 11.100039250905196
2940 5880 0.1109231132430146 188.57260131835938 10.219976668458576
3000 6000 0.24043631928405224 190.85231184959412 10.196076336753906
3060 6120 0.09730146134742709 193.13799595832825 10.97794404091904
3120 6240 0.07996256316946926 195.48359155654907 10.19671564627124
3180 6360 0.0502694882602374 197.85548043251038 10.185971176544228
3240 6480 0.3328191015168318 200.16708850860596 10.185662289269874
3300 6600 0.12584369645781246 202.57622170448303 10.175399053267979
3360 6720 0.2377544938039279 205.0643332004547 10.178414912072933
3420 6840 0.07461934140110808 207.495943069458 10.174491575323339
3480 6960 0.0751121338100176 209.93248867988586 10.163370489240302
3540 7080 0.05572139714536567 212.26893711090088 10.179165229915686
3600 7200 0.08777082491245372 214.62119936943054 10.157831993275755
3660 7320 0.32116657361587325 216.8987431526184 10.15376534032649
3720 7440 0.07417245697105643 219.16174507141113 10.165932700937775
3780 7560 0.05326911872158266 221.53342604637146 10.145716565546518
3840 7680 0.09384155530383549 223.93380308151245 10.149399503304418
3900 7800 0.147639437031138 226.30287384986877 10.140730101108547
3960 7920 0.05959008068907007 228.5264060497284 10.132784398559748
4020 8040 0.16399338354398907 230.7120554447174 10.142202148421177
4080 8160 0.12876781029371537 233.02124643325806 10.121219904465008
4140 8280 0.10907842535839807 235.32583379745483 10.123251435625548
4200 8400 0.0842145189214745 237.76976227760315 10.078725213777103
4260 8520 0.2142913473700878 240.04947543144226 9.667089269790052
4320 8640 0.11605052784318845 242.33004593849182 9.919473140150643
4380 8760 0.11950286387276524 244.6918065547943 9.650795772821207
4440 8880 0.1041584511035242 247.0921049118042 9.647438568633747
4500 9000 0.05859804262150001 249.5948450565338 9.635262821197145
4560 9120 0.1883066894235345 251.93079543113708 9.631808713081673
4620 9240 0.0713271825321598 254.24313235282898 9.625247699458235
4680 9360 0.11098627587118814 256.5408761501312 9.613032349366396
4740 9480 0.07171059624474818 258.86039996147156 9.610685555922567
4800 9600 0.1479650628671403 261.2457187175751 9.601053923339956
4860 9720 0.13016125965056183 263.59671330451965 9.590697520494574
4920 9840 0.16224949940340372 265.85415506362915 9.606436170826251
4980 9960 0.11093410400859358 268.199654340744 9.575320161398029
5040 10080 0.10580396289470911 270.47462701797485 9.570328581593222
5100 10200 0.04470600718733733 272.6944501399994 9.563453894948912
5160 10320 0.11358325009808101 274.92777252197266 9.553754917702893
5220 10440 0.13991155436837321 277.1662697792053 9.547527485905023
5280 10560 0.16707570803721336 279.4078893661499 9.537062479803401
5340 10680 0.16204506349704556 281.65013337135315 9.529638973924063
5400 10800 0.07689634597160747 283.85192251205444 9.522849273254076
5460 10920 0.08372805578090986 286.0428149700165 9.515263268241721
5520 11040 0.0839395357908304 288.2718667984009 9.508366237380091
5580 11160 0.11523441349706143 290.4923093318939 9.497613440929427
5640 11280 0.11032296130763654 292.7266447544098 10.764789328933329
5700 11400 0.13025256865684876 294.9365248680115 9.482937357996592
5760 11520 0.06945361150182101 297.15655970573425 9.4738013563269
5820 11640 0.292463338931374 299.4373502731323 10.669022061748096
5880 11760 0.06298284744926982 301.6257131099701 9.457186895092953
5940 11880 0.11708476552500066 303.8351273536682 9.449425257804645
6000 12000 0.1833829836806932 306.0446228981018 9.451515098061996
