0 0 4.858140432098765 0.037236928939819336 11.0
120 120 0.07415555656470765 3.590005874633789 1.4777895366958878
240 240 0.051112983357236075 7.55347466468811 1.379231480536898
360 360 0.050407942480500206 11.907134532928467 1.1016771917090922
480 480 0.048718863384129285 15.139398574829102 1.0578411386761728
600 600 0.04813025902367718 18.358588695526123 1.048844790400019
720 720 0.04623502808262403 21.582507848739624 0.8832804647295509
840 840 0.044917652934626295 24.85036873817444 0.6919931901625996
960 960 0.04427853163832385 28.187337636947632 0.8527956250077317
1080 1080 0.04431316620326947 31.516674518585205 0.6090273128136137
1200 1200 0.044042242700680884 34.6563024520874 0.5694220305608507
1320 1320 0.043598754470153184 37.77010750770569 0.6716584005309902
1440 1440 0.04370380930299331 41.09419775009155 0.6198684802090616
1560 1560 0.04410738170104514 44.50570201873779 0.48353452872738506
1680 1680 0.04353923209599625 47.752076864242554 0.3860429480463949
1800 1800 0.043097079028963564 50.92883801460266 0.4639609405272832
1920 1920 0.04303517833412285 54.14679217338562 0.30387834358219296
2040 2040 0.04293853869664427 57.50560903549194 0.3288088497589918
2160 2160 0.04319185271977438 60.65775275230408 0.30528653638879494
2280 2280 0.043104665939920406 64.2591278553009 0.22088721626223454
2400 2400 0.04299739459469232 67.74789476394653 0.23452805389709652
2520 2520 0.0428897726953284 70.86398673057556 0.2569891862758237
2640 2640 0.042878656170277724 73.90458369255066 0.2907616310201194
2760 2760 0.04289741200099251 77.2014307975769 0.34346340468267655
2880 2880 0.042787736506764984 80.44013667106628 0.37383667144359006
3000 3000 0.042858514293020955 83.66191244125366 0.3673079422758751
3120 3120 0.04281197108576629 86.92434048652649 0.3260860242761401
3240 3240 0.042822906032529584 90.22628831863403 0.2871654603175461
3360 3360 0.042736349607763596 93.30460524559021 0.2599705820876055
3480 3480 0.04275986866894246 96.7217903137207 0.2491847073077462
3600 3600 0.04273190691334186 100.10723924636841 0.26129673752255017
3720 3720 0.04270054705588022 103.51646113395691 0.2749070237050251
3840 3840 0.042651900788274966 106.99257302284241 0.2844773002239537
3960 3960 0.04269779275312724 110.13908410072327 0.2847683236699072
4080 4080 0.04271995823616612 113.31197214126587 0.278708235247275
4200 4200 0.042721535649405035 117.21851539611816 0.2685785233120651
4320 4320 0.04271209701607018 121.03135466575623 0.25573059036672396
4440 4440 0.0427079887460424 124.69918870925903 0.24801509370082478
4560 4560 0.042729297934441995 128.47889399528503 0.23538939478156226
4680 4680 0.04271631838263376 132.28163504600525 0.22262157411983144
4800 4800 0.04271212052535825 136.2057020664215 0.22000000000000125
4920 4920 0.04271027178694792 140.15477299690247 0.22000000000000222
5040 5040 0.04273709745575743 144.10519695281982 0.22000000000000192
5160 5160 0.042728154247507394 147.75347232818604 0.22000000000000175
5280 5280 0.042728445220752725 151.7792203426361 0.22000000000000133
5400 5400 0.04272306643911944 155.4038064479828 0.22000000000000172
5520 5520 0.04273212160951709 159.06416630744934 0.22000000000000125
5640 5640 0.042737124339479404 162.5498011112213 0.22000000000000178
5760 5760 0.042743924202162054 166.05397009849548 0.2200000000000016
5880 5880 0.04272795208116881 169.5339961051941 0.22000000000000114
6000 6000 0.04273668288608096 172.9879150390625 0.22000000000000133
6120 6120 0.0427379592963672 176.43566918373108 0.22000000000000183
6240 6240 0.04273748819631337 179.94504714012146 0.22000000000000167
6360 6360 0.04273704641903889 183.4546811580658 0.22000000000000167
6480 6480 0.042733423430915324 186.93786430358887 0.22000000000000233
6600 6600 0.0427370993222376 190.47677421569824 0.22000000000000217
6720 6720 0.04273858127137434 193.96566009521484 0.22000000000000136
6840 6840 0.04272890237797386 197.42096590995789 0.22000000000000125
6960 6960 0.04273565022913259 200.98458409309387 0.22000000000000206
7080 7080 0.042734650715807815 204.47223901748657 0.22000000000000125
7200 7200 0.042730706101001936 207.95664501190186 0.22000000000000142
7320 7320 0.04273059428040149 211.23318314552307 0.220000000000002
7440 7440 0.04272598296688182 214.23889231681824 0.22000000000000167
7560 7560 0.042730567075772774 217.2456123828888 0.22000000000000183
7680 7680 0.04272371854116036 220.25437831878662 0.22000000000000178
7800 7800 0.04271620270870766 223.25955867767334 0.22000000000000247
7920 7920 0.04272504653015363 226.25986289978027 0.22000000000000194
8040 8040 0.04272511428794043 229.2622799873352 0.22000000000000117
8160 8160 0.04272289592890366 232.2609920501709 0.22000000000000183
8280 8280 0.04272915864590801 235.28360676765442 0.22000000000000172
8400 8400 0.042727636723589035 238.28522777557373 0.2200000000000017
8520 8520 0.04273138354525288 241.3037247657776 0.22000000000000186
8640 8640 0.0427354963137295 244.2924609184265 0.2200000000000013
8760 8760 0.042731321413090884 247.2891139984131 0.2200000000000014
8880 8880 0.042738124690263724 250.3504011631012 0.22000000000000156
9000 9000 0.04273629486159963 253.3353762626648 0.2200000000000019
9120 9120 0.04273559644069863 256.3276352882385 0.2200000000000019
9240 9240 0.042745925274223606 259.31644439697266 0.22000000000000103
9360 9360 0.042739917742013966 262.30092430114746 0.2200000000000012
9480 9480 0.042744174947231706 265.2842752933502 0.2200000000000017
9600 9600 0.04274623202033001 268.27361035346985 0.22000000000000108
9720 9720 0.04274247433280903 271.2617292404175 0.22000000000000108
9840 9840 0.04275143356875208 274.2344672679901 0.2200000000000007
9960 9960 0.04274660558071139 277.12261033058167 0.22000000000000122
10080 10080 0.0427480489539982 280.0037534236908 0.22000000000000144
10200 10200 0.04275308874137418 282.88981437683105 0.22000000000000156
10320 10320 0.04274919274644265 285.7754364013672 0.22000000000000122
10440 10440 0.042755866746233384 288.6832916736603 0.22000000000000203
10560 10560 0.04275581556805963 291.57496905326843 0.22000000000000192
10680 10680 0.04275325329110005 294.4581091403961 0.22000000000000197
10800 10800 0.042758233926566774 297.33620619773865 0.22000000000000164
10920 10920 0.042755660714126176 300.21811032295227 0.22000000000000158
11040 11040 0.04276327168902708 303.1046652793884 0.22000000000000172
11160 11160 0.04276044077454724 305.9938714504242 0.22000000000000136
11280 11280 0.042743073143358484 308.8755793571472 0.2200000000000022
11400 11400 0.04275887166118794 311.75633239746094 0.2200000000000017
11520 11520 0.042750569601370025 314.6397433280945 0.22000000000000192
11640 11640 0.04274619502887639 317.52769136428833 0.2200000000000017
11760 11760 0.04275228903762465 320.413348197937 0.22000000000000186
11880 11880 0.04274456017342851 323.3022792339325 0.2200000000000014
12000 12000 0.042747718858341194 326.1848614215851 0.2200000000000014
