0 0 3.623306496833001 2.960503339767456 7.0169390988057785
40 120 0.20440262590172978 4.863450288772583 2.76822014728127
80 240 0.09548248289480607 6.751992702484131 3.419967132822879
120 360 0.05884306145771409 8.647489309310913 3.741437405038213
160 480 0.04175150471015218 10.531193733215332 3.8304545729242707
200 600 0.03200948594761152 12.409688711166382 3.9819954356343916
240 720 0.026302923273307605 14.287691831588745 4.1043253382862925
280 840 0.0225529463480231 16.164206504821777 4.198168933734932
320 960 0.019263755666788757 18.04252314567566 4.271490765518424
360 1080 0.016485109774835555 19.908807277679443 4.331314486536327
400 1200 0.014065979865827846 21.78986406326294 4.380970010419881
440 1320 0.012556190221054586 23.6536283493042 4.422099852760381
480 1440 0.01131505626948974 25.51240563392639 4.457680304816139
520 1560 0.010030974939464782 27.379616737365723 4.486522307295153
560 1680 0.009373251633367122 29.246607780456543 4.512494424612086
600 1800 0.008794172975650133 31.10602307319641 4.535404851312498
640 1920 0.008121369679051568 32.978397607803345 4.555579919025621
680 2040 0.007493629756231093 34.84151363372803 4.574044306258126
720 2160 0.006999624278759553 36.70037770271301 4.5904329105513195
760 2280 0.006509001804156173 38.56478834152222 4.6052917310432635
800 2400 0.006252455164740572 40.43358325958252 4.618838294521318
840 2520 0.005818792077117288 42.28503394126892 4.631033043463393
880 2640 0.005528842278613957 44.15433096885681 4.641941475891744
920 2760 0.005308935510840773 46.011223554611206 4.65180795142024
960 2880 0.005082087142894112 47.881261348724365 4.660996588500688
1000 3000 0.004863013053126128 49.76560878753662 4.669809910022051
1040 3120 0.004706343287886883 51.621960401535034 4.678101480537359
1080 3240 0.004534426471760042 53.4943642616272 4.685530268011444
1120 3360 0.004297077636295804 55.35674071311951 4.692426806939401
1160 3480 0.004155357456505845 57.21181082725525 4.698971454599681
1200 3600 0.0038937772098671664 59.06080150604248 4.705045479782707
1240 3720 0.0037775736644998503 60.933316469192505 4.710749302291614
1280 3840 0.003667488358542595 62.80004024505615 4.716137426503496
1320 3960 0.0035218641599649297 64.66833782196045 4.721440324178547
1360 4080 0.003421607336352245 66.5437343120575 4.726231540356511
1400 4200 0.0033264072353300783 68.41004610061646 4.827725422092185
1440 4320 0.003193364674222432 70.27117896080017 4.930649884036268
1480 4440 0.0031430412174397737 72.13468098640442 5.001355718447877
1520 4560 0.003116037524077034 74.01614379882812 5.074204431165192
1560 4680 0.0029733737693644346 75.90985155105591 5.168754231062691
1600 4800 0.0028577649319294768 77.75684022903442 5.254901548414271
1640 4920 0.002790063145761107 79.60481429100037 5.317802332677856
1680 5040 0.002819622508065972 81.46284818649292 5.382012949885637
1720 5160 0.002690725463797658 83.34057211875916 5.463552380538591
1760 5280 0.002585774175111466 85.19732475280762 5.539879357572697
1800 5400 0.0025133873460606165 87.0680730342865 5.59624881891783
1840 5520 0.002465940753085566 88.93569850921631 5.651340281035243
1880 5640 0.0024181042701503785 90.80698752403259 5.719805246180152
1920 5760 0.0023293906293780087 92.68141222000122 5.789342630544029
1960 5880 0.0022924722451937163 94.54004502296448 5.843741396825889
2000 6000 0.0023089184047692113 96.4092423915863 5.891085757300143
2040 6120 0.0022569881308869555 98.27505493164062 5.945132750276038
2080 6240 0.0022625529590507704 100.13650417327881 6.006856680117136
2120 6360 0.002114123708503071 101.99558877944946 6.062643507366217
2160 6480 0.0021796844719579878 103.86639833450317 6.106245108614697
2200 6600 0.0020539170031804166 105.72870135307312 6.149446478613864
2240 6720 0.0019902999401402166 107.59393119812012 6.200423520951283
2280 6840 0.0020092449285472602 109.4546275138855 6.253851289351823
2320 6960 0.0019054082595293953 111.31615328788757 6.29797245514135
2360 7080 0.0019471601381461506 113.18221879005432 6.335613539754268
2400 7200 0.0018771612770062257 115.04920482635498 6.375772948075022
2440 7320 0.0018413498556519303 116.92025423049927 6.421798342028285
2480 7440 0.0017812371828107854 118.79412484169006 6.4669863814373505
2520 7560 0.0017768133791325469 120.68861246109009 6.5050194418838725
2560 7680 0.0017067335973260933 122.558260679245 6.538780013965939
2600 7800 0.001702428078292878 124.43646311759949 6.574347632602151
2640 7920 0.0017022155703212832 126.31329083442688 6.614087056163517
2680 8040 0.0016386101244222212 128.2051296234131 6.653971397151393
2720 8160 0.0016578024041656314 130.09140968322754 6.688406741869901
2760 8280 0.001596635510223765 131.97488927841187 6.718622129230021
2800 8400 0.0015701241726785026 133.85017085075378 6.749539548495082
2840 8520 0.0015747031168574788 135.73335194587708 6.783726980374287
2880 8640 0.0015455552225712155 137.5853292942047 6.818880016962825
2920 8760 0.0015430189661883864 139.44521856307983 6.8509583629959945
2960 8880 0.0015081122429964622 141.31608319282532 6.87899623733189
3000 9000 0.0015193604996941723 143.1727101802826 6.905668319045852
3040 9120 0.0014743342861948394 145.03655743598938 6.934693028919747
3080 9240 0.0014761348858102902 146.89197206497192 6.965535064739206
3120 9360 0.0014495993564372367 148.75512218475342 6.994960327944029
3160 9480 0.0013837148023139734 150.59637188911438 7.021459427429541
3200 9600 0.0014037311078271136 152.45253539085388 7.046030157957475
3240 9720 0.001340582258653411 154.32151246070862 7.070598031936863
3280 9840 0.001345801924632642 156.18822312355042 7.096435785823829
3320 9960 0.0013756859901231655 158.04512572288513 7.123262825287727
3360 10080 0.0012977565398516328 159.91271209716797 7.1488030139325875
3400 10200 0.0013260801503268138 161.75950837135315 7.1716039059737104
3440 10320 0.0012734013862764904 163.62600183486938 7.193140423055514
3480 10440 0.0012930317638963351 165.4823100566864 7.214856937636289
3520 10560 0.0012560032139449229 167.3327660560608 7.237895064897203
3560 10680 0.001237048405320948 169.19104075431824 7.260816198924754
3600 10800 0.001232842749010532 171.05165934562683 7.282214421333124
3640 10920 0.0012058430253326924 172.9229278564453 7.301720932578502
3680 11040 0.001221367377338689 174.78110766410828 7.320907456350562
3720 11160 0.0012021147167408514 176.65218091011047 7.340491575322146
3760 11280 0.00120425078739754 178.52130365371704 7.360893548680118
3800 11400 0.0011907329069932027 180.3886489868164 7.380852300767765
3840 11520 0.0011689345912624105 182.25852727890015 7.3996175039098375
3880 11640 0.001116627154064312 184.12515258789062 7.417241865853327
3920 11760 0.0011288626863292378 185.9788420200348 7.434366662038706
3960 11880 0.001108236461621795 187.82868456840515 7.451921855743229
4000 12000 0.0011319491037571072 189.68948030471802 7.469591198309989
