0 0 4.747222222222222 0.006048917770385742 11.000000000000002
100 100 0.1543789775245316 0.5055160522460938 2.3888285250566486
200 200 0.09672903425293422 0.9971051216125488 3.354171994143836
300 300 0.09092685820121252 1.510756254196167 2.7038910248771892
400 400 0.07641448481511501 2.0010805130004883 2.6293846402830985
500 500 0.0832815592368384 2.489590883255005 2.266806350459937
600 600 0.07324476150712732 2.978156089782715 2.2333951451630387
700 700 0.08385328760338512 3.607271671295166 2.2589920231366727
800 800 0.07481723896867938 4.103502035140991 1.8362142817364475
900 900 0.07748189577863308 4.595671653747559 1.4670491559249386
1000 1000 0.07176150477953899 5.079946756362915 1.4392642099762192
1100 1100 0.07594030396281495 5.572304725646973 1.065759011558889
1200 1200 0.0751526891657274 6.0670084953308105 1.0417509391579298
1300 1300 0.07330574229877901 6.555972099304199 0.665521310158546
1400 1400 0.07235900123241411 7.098931550979614 0.6996434687279134
1500 1500 0.07217280222517772 7.60034441947937 0.42697827580617576
1600 1600 0.07136432360547465 8.09752106666565 0.24440961499586009
1700 1700 0.03150714014434863 8.59458041191101 2.7948224869067717
1800 1800 0.047260189683638265 9.099886655807495 7.152728208877095
1900 1900 0.025496276681476804 9.596853256225586 3.6136420691285656
2000 2000 0.016280632650513577 10.078573226928711 2.0280469752692434
2100 2100 0.0197982773942489 10.567505836486816 4.099211238327324
2200 2200 0.014000311043258273 11.052627086639404 1.4922574408007663
2300 2300 0.014327203503476951 11.536237955093384 4.043749038983811
2400 2400 0.014058584325151918 12.022844552993774 3.532300396124643
2500 2500 0.010212704646661061 12.519211053848267 4.332189955799445
2600 2600 0.009739322746231668 13.015663623809814 2.567305202443633
2700 2700 0.010317368535922286 13.64232587814331 0.47580454740335476
2800 2800 0.010273088373010136 14.137413501739502 1.2443413800381151
2900 2900 0.00867825122177418 14.628382444381714 0.7352974240331182
3000 3000 0.010011092902703994 15.12539029121399 1.6856657752124207
3100 3100 0.009270532920253649 15.619142293930054 1.0208234124545648
3200 3200 0.007747739342001667 16.107378005981445 0.448711797476842
3300 3300 0.00897312113559115 16.59510374069214 0.39355053489007874
3400 3400 0.008996194272184455 17.083207368850708 1.1269131981599765
3500 3500 0.008163288545802214 17.573189735412598 0.32711093848363215
3600 3600 0.007840143712029124 18.060603380203247 0.5510415960283239
3700 3700 0.00805098514388436 18.548458099365234 0.35569410275803925
3800 3800 0.008344922994100015 19.035022974014282 0.28789416175622456
3900 3900 0.007692338783230307 19.522559642791748 0.36049498823678233
4000 4000 0.007527698934064159 20.00935435295105 0.36284796573518935
4100 4100 0.008143638469681636 20.497909545898438 0.39438600732092566
4200 4200 0.0068239489630782385 20.98699641227722 0.24564790825049282
4300 4300 0.007842128393623249 21.481351137161255 0.7512072149903095
4400 4400 0.007814736467195299 21.97096872329712 0.4132596566609667
4500 4500 0.007346975893850763 22.4619197845459 0.28428843364397355
4600 4600 0.006988944283817813 22.95238709449768 0.5002906360419265
4700 4700 0.007647257029855997 23.444032430648804 0.42545975171835343
4800 4800 0.007248918599614726 23.93515372276306 0.5588425800270255
4900 4900 0.006964108015077436 24.42411994934082 0.3249625626888992
5000 5000 0.007054910706403308 24.913745641708374 0.3712583688029882
5100 5100 0.007201549803031823 25.401365756988525 0.8028372678184746
5200 5200 0.007098668460620169 25.88802456855774 0.7765333989416047
5300 5300 0.006931641121588769 26.380043029785156 0.22729015910952516
5400 5400 0.007075773375358613 26.866692304611206 0.23767083849014387
5500 5500 0.006855308755547546 27.357720851898193 0.24508038757559522
5600 5600 0.006801120498487273 27.84486150741577 0.6364131755312971
5700 5700 0.006852066695808345 28.33302402496338 0.38932277697186823
5800 5800 0.007080879052341879 28.82173991203308 0.1724714657232593
5900 5900 0.006720578018450274 29.31100845336914 0.1564595695878986
6000 6000 0.0069183556302799265 29.798168659210205 0.3234966282645008
6100 6100 0.006905614764222537 30.287563800811768 0.30578618758866916
6200 6200 0.006747061438994839 30.775939464569092 0.1375408701150306
6300 6300 0.006784148168890919 31.264224529266357 0.13309520448388756
6400 6400 0.006837409012438178 31.752649068832397 0.1329103482064217
6500 6500 0.006798988270824577 32.2410089969635 0.13721033834531285
6600 6600 0.006625067385103198 32.72917199134827 0.12827879624315633
6700 6700 0.0067704693737094535 33.21795129776001 0.1238330219376909
6800 6800 0.006753577335106564 33.707265853881836 0.15607576897536657
6900 6900 0.006773277103521658 34.20039176940918 0.11920135931694228
7000 7000 0.006605042781212281 34.6876916885376 0.18723189801397444
7100 7100 0.006708417205649547 35.177576780319214 0.1324404024807084
7200 7200 0.006728664913794188 35.66490340232849 0.11438613885501826
7300 7300 0.006750429294058807 36.153687477111816 0.17568005337183648
7400 7400 0.006663966607926189 36.64298701286316 0.10975603230323283
7500 7500 0.006691799462051465 37.17359161376953 0.14739684489154967
7600 7600 0.006657448107066366 37.6918420791626 0.10512647308829143
7700 7700 0.0066854541954100705 38.20954966545105 0.10589972593707861
7800 7800 0.006726299891648649 38.7313449382782 0.13517054914158505
7900 7900 0.006651824230318654 39.25260615348816 0.12038149786917018
8000 8000 0.006628141552742717 39.770957231521606 0.11027547018413322
8100 8100 0.0066445283145704775 40.28914141654968 0.14494921987321424
8200 8200 0.00666869138045173 40.807844400405884 0.17225413333099232
8300 8300 0.006642658356036571 41.34198880195618 0.1247550733893869
8400 8400 0.006659610339001545 41.86552953720093 0.11061385918683075
8500 8500 0.0066169538964436225 42.387845039367676 0.08215557470222469
8600 8600 0.006640306744945548 42.907681941986084 0.0819753154811128
8700 8700 0.00661595952923133 43.42902946472168 0.07752443439751137
8800 8800 0.006650451352177553 43.94955658912659 0.17527826685631345
8900 8900 0.006588750884739897 44.4747850894928 0.09808412557562911
9000 9000 0.006639723371814357 44.99389314651489 0.14113248384083965
9100 9100 0.006600981707863149 45.513604402542114 0.07466340465711681
9200 9200 0.006621889230479877 46.036197662353516 0.06808264698267334
9300 9300 0.0066266571663746165 46.55145597457886 0.12348707710491855
9400 9400 0.006615003967029118 47.08726191520691 0.0682206110278825
9500 9500 0.006606520873900137 47.60645771026611 0.10646609995767614
9600 9600 0.006588667846697843 48.12068486213684 0.11531051444624986
9700 9700 0.006609691272288998 48.63702416419983 0.09327933834838102
9800 9800 0.006602022804571617 49.15303683280945 0.09998525896990211
9900 9900 0.006616323849688049 49.673431158065796 0.11628120447798924
10000 10000 0.006583497180715575 50.19570994377136 0.04955971288658343
10100 10100 0.006598423558962702 50.714011907577515 0.08076852546069663
10200 10200 0.00659466829420044 51.23450231552124 0.09341127944118482
10300 10300 0.006609237001496945 51.75259494781494 0.08648395702683259
10400 10400 0.006578567443455446 52.2683539390564 0.060410276869129365
10500 10500 0.006586489278894131 52.78658580780029 0.04155531363794813
10600 10600 0.006575964098397544 53.30661988258362 0.03566777879569116
10700 10700 0.006603133925098925 53.83342671394348 0.07682286588867067
10800 10800 0.006588403324530145 54.35717582702637 0.10436388662616698
10900 10900 0.00658032836981319 54.87767314910889 0.10469977635448267
11000 11000 0.006591586598819282 55.41809391975403 0.0767195645601276
11100 11100 0.006589293479633426 55.94070363044739 0.030552450874375556
11200 11200 0.006594091740881214 56.45962905883789 0.02325931523933071
11300 11300 0.006580453114566412 56.974285364151 0.06211929179142813
11400 11400 0.006584753283196201 57.49408769607544 0.08082802668650389
11500 11500 0.006576361974166056 58.014965534210205 0.08770794437321036
11600 11600 0.006591161959885308 58.53430509567261 0.0754635684433635
11700 11700 0.0065809293152550435 59.05570960044861 0.046295042858996285
11800 11800 0.006587471778198795 59.57431507110596 0.05353774188768174
11900 11900 0.006577039436804558 60.09399104118347 0.04236088063162102
12000 12000 0.006588569265164268 60.611311197280884 0.08140306978977763
