0 0 3.4485199408123752 3.0946199893951416 6.418066286986976
40 120 0.23117884356895235 4.536237955093384 4.704891455303116
80 240 0.12522184022258465 6.037404775619507 4.955866059799562
120 360 0.08825686985115944 8.629613637924194 4.860265535605115
160 480 0.06668913887491293 10.12861180305481 4.6625971247885465
200 600 0.05339115228013057 11.888304948806763 4.424010709465842
240 720 0.0446101738514984 13.401094913482666 4.183382941329623
280 840 0.037115240053065296 14.829571723937988 3.954222325918652
320 960 0.03180750547767712 16.571080684661865 3.743073344039666
360 1080 0.027510555113409413 18.71632146835327 3.545736944919473
400 1200 0.024025184280146453 21.122865676879883 3.3517250050964504
440 1320 0.021616065843076515 23.136574745178223 3.156510188330208
480 1440 0.01983916577993114 24.620882749557495 2.9638782299382345
520 1560 0.018088844802459397 26.358901500701904 2.7764152412189316
560 1680 0.01701232512038575 28.377010583877563 2.5968404723495198
600 1800 0.016061687397553717 30.11413884162903 2.427423770775967
640 1920 0.015030871102548582 32.215455770492554 2.269138431589809
680 2040 0.014004640855619574 34.08461284637451 2.2020172296874416
720 2160 0.013355959258712607 35.8980827331543 2.1324505920788823
760 2280 0.01289686033027966 37.50469207763672 2.0622535038374346
800 2400 0.012182902337083343 39.85625505447388 1.9925101989292784
840 2520 0.011767017118822151 41.74109411239624 1.9223958273346193
880 2640 0.011360953390561507 43.53158736228943 1.8532872770392073
920 2760 0.010956080663882442 45.26307415962219 1.7856799468873419
960 2880 0.010660571577689376 46.81383514404297 1.7190323527076175
1000 3000 0.010392183839504077 48.36223340034485 1.666737291035503
1040 3120 0.009876457032518576 50.02255034446716 1.6781801412599593
1080 3240 0.009764013683405973 52.452715158462524 1.6973752536826734
1120 3360 0.009471390406483093 54.71828508377075 1.7192719892556276
1160 3480 0.00929317244427888 56.82041907310486 1.7038398186505306
1200 3600 0.009054386523875552 58.548081159591675 1.6964685678729556
1240 3720 0.008840718769921041 61.67057943344116 1.696321735893875
1280 3840 0.00864796032167836 64.11597228050232 1.702285643948009
1320 3960 0.008410157549764541 66.34691023826599 1.7134628381228658
1360 4080 0.008353913731967796 68.07381629943848 1.7268159182071594
1400 4200 0.008124716510427593 70.60143113136292 1.7234760630080224
1440 4320 0.008012263385164434 72.91058301925659 1.7241216791089018
1480 4440 0.007824207226645757 75.25522208213806 1.729077767646858
1520 4560 0.007730081427764379 77.19343829154968 1.732520523463995
1560 4680 0.007685674544807147 79.1701123714447 1.734546590083276
1600 4800 0.00747575886047612 81.11210632324219 1.7331685918027189
1640 4920 0.007577914267049735 82.9664294719696 1.7348647201320382
1680 5040 0.007326873658053734 84.93319964408875 1.7396697140913848
1720 5160 0.007272923907302928 86.64500069618225 1.744905342984088
1760 5280 0.00717811124576731 88.46421360969543 1.7401983610567366
1800 5400 0.007030555319473331 90.65348052978516 1.7384291512843342
1840 5520 0.007083388842275162 92.6698706150055 1.7393821805662009
1880 5640 0.0069403400420606776 94.60792970657349 1.7427777376121156
1920 5760 0.006798295509307883 96.39695858955383 1.7484192537772942
1960 5880 0.006822680153296068 98.19528579711914 1.756026631243797
2000 6000 0.006688446936443826 100.0513379573822 1.759113232582723
2040 6120 0.006599658842778036 102.05257320404053 1.7570482920662587
2080 6240 0.00661905938662255 103.80674815177917 1.7570288783100827
2120 6360 0.0065196921487122445 105.79774713516235 1.758887775538926
2160 6480 0.006456212582434714 127.40354919433594 1.7624243498873762
2200 6600 0.006425883289853579 131.00837111473083 1.76743448594994
2240 6720 0.0065026615076600736 135.03995895385742 1.7738051644564972
2280 6840 0.0062655068044437795 137.15329098701477 1.7760811482466967
2320 6960 0.006222786973733824 139.19229412078857 1.776573160585063
2360 7080 0.006320937867418386 141.35587811470032 1.778344671610779
2400 7200 0.006149976831528514 143.3006031513214 1.781410688623365
2440 7320 0.006073699832428475 145.18555521965027 1.7853993563193953
2480 7440 0.006084393708914282 146.94131135940552 1.7868010014805646
2520 7560 0.006055314301903772 148.5345094203949 1.788060692587921
2560 7680 0.005991012401109913 150.2879536151886 1.7903430292086564
2600 7800 0.005953811337194456 152.00777530670166 1.7935975571162595
2640 7920 0.005911488782016999 153.7823052406311 1.796806326749515
2680 8040 0.0059467922339772605 155.96411633491516 1.7978356612469697
2720 8160 0.005799369811763877 158.63549709320068 1.7993662212795811
2760 8280 0.005806617961193722 160.7946412563324 1.801734430613445
2800 8400 0.005794250960739336 162.4372432231903 1.8048265435503763
2840 8520 0.005814868749493288 164.07517099380493 1.8080619110232639
2880 8640 0.005705700353731649 165.64188981056213 1.8092705595271548
2920 8760 0.005787150467967073 167.0828959941864 1.810742726418555
2960 8880 0.005676334431919089 169.10475301742554 1.8128918885120153
3000 9000 0.005589164676388314 170.86347913742065 1.8155850204871888
3040 9120 0.005616164575822119 172.32187008857727 1.818552991284683
3080 9240 0.005594183404523695 173.7702362537384 1.8202856688689593
3120 9360 0.005533750634920828 175.6273112297058 1.821395102981943
3160 9480 0.005557236365457116 177.30142521858215 1.8229097435452994
3200 9600 0.005513279321119002 178.76757407188416 1.8249485014356857
3240 9720 0.0055119860151603 180.1944420337677 1.8274635082262682
3280 9840 0.00544361762683683 181.6372890472412 1.8302851092430092
3320 9960 0.005436715057346261 183.07158708572388 1.8320893034887746
3360 10080 0.005422461754137783 184.50529408454895 1.8332332563021323
3400 10200 0.00539746905040657 185.94192504882812 1.834735269710781
3440 10320 0.0054014916541570285 187.3790261745453 1.8366118859566487
3480 10440 0.005310148926510522 188.81076097488403 1.8388762995955656
3520 10560 0.005313135512034592 190.30202412605286 1.8414860566117126
3560 10680 0.005323556454595119 191.78947114944458 1.8441312178481397
3600 10800 0.005275513069723389 193.31868648529053 1.8459551981151598
3640 10920 0.005274018344615078 194.75096440315247 1.8473202226913148
3680 11040 0.005283213071564749 196.21922039985657 1.848814611798272
3720 11160 0.005282406183598487 197.66221117973328 1.8505974926866
3760 11280 0.005243832719271202 199.11047315597534 1.8526105203551533
3800 11400 0.005212849221446367 200.67511534690857 1.8548257145462814
3840 11520 0.005203125854569723 202.16780638694763 1.8570016444944282
3880 11640 0.005182160711659736 203.6305594444275 1.8583596949163415
3920 11760 0.005181945737646715 205.07674860954285 1.8595691028290082
3960 11880 0.005168245894805634 206.5270836353302 1.861006301234765
4000 12000 0.005131796340458281 207.97404170036316 1.8626764139113412
