0 0 4.858140432098765 0.021591663360595703 11.0
100 100 0.5247241234172983 1.361900806427002 2.2000000000000006
200 200 0.519037236701332 2.6812527179718018 2.200000000000001
300 300 0.5200914669951171 3.9315686225891113 2.200000000000001
400 400 0.5210612674147403 5.185365200042725 2.200000000000001
500 500 0.5213983648829648 6.450651168823242 2.200000000000001
600 600 0.5215119577643015 7.697166681289673 2.2000000000000006
700 700 0.5214988072442401 8.938748598098755 2.2000000000000006
800 800 0.5213618846140855 10.188506841659546 2.2000000000000015
900 900 0.5217779726687298 11.444782733917236 2.200000000000001
1000 1000 0.521180982714825 12.7754647731781 2.200000000000001
1100 1100 0.5215179572221174 14.118622064590454 2.2000000000000015
1200 1200 0.5215024208335857 15.461705207824707 2.2000000000000006
1300 1300 0.5213156687723723 16.712746620178223 2.2000000000000015
1400 1400 0.5214377729714756 17.965925455093384 2.200000000000001
1500 1500 0.5214102928009055 19.22076678276062 2.200000000000002
1600 1600 0.5212548303953357 20.4788076877594 2.200000000000001
1700 1700 0.5214633813505383 21.735477209091187 2.200000000000001
1800 1800 0.5212270725943592 22.988710403442383 2.2000000000000015
1900 1900 0.52137727285396 24.244870901107788 2.2000000000000015
2000 2000 0.5213248944762353 25.5080087184906 2.200000000000001
2100 2100 0.521291424525536 26.771815538406372 2.200000000000001
2200 2200 0.5213118901504896 28.026453018188477 2.200000000000001
2300 2300 0.5213321049905844 29.280522108078003 2.2000000000000015
2400 2400 0.5212731091813227 30.53677749633789 2.200000000000001
2500 2500 0.5213258910877088 31.800245761871338 2.200000000000001
2600 2600 0.5212901015514306 33.06237483024597 2.200000000000001
2700 2700 0.5212846818665406 34.32229208946228 2.200000000000001
2800 2800 0.521291896505807 35.58098483085632 2.2000000000000015
2900 2900 0.5212792102309329 36.85029745101929 2.2000000000000006
3000 3000 0.5212786364053711 38.11275386810303 2.2000000000000015
3100 3100 0.521298800331205 39.37642860412598 2.200000000000001
3200 3200 0.5212760556199552 40.63855957984924 2.200000000000001
3300 3300 0.521294405887893 41.91344499588013 2.2000000000000015
3400 3400 0.521291023640269 43.171868324279785 2.200000000000001
3500 3500 0.521276581261663 44.43424963951111 2.2000000000000015
3600 3600 0.5212876264477371 45.69663405418396 2.200000000000001
3700 3700 0.5212837175609127 46.95205616950989 2.200000000000001
3800 3800 0.5212788981806329 48.21777415275574 2.2000000000000015
3900 3900 0.5212857965787905 49.48004770278931 2.2000000000000006
4000 4000 0.5212770042009773 50.74502778053284 2.200000000000001
4100 4100 0.5212832592960517 52.01147246360779 2.2000000000000006
4200 4200 0.5212855121290177 53.27666234970093 2.200000000000001
4300 4300 0.5212815275144969 54.539984703063965 2.200000000000001
4400 4400 0.5212860050403135 55.805806398391724 2.2000000000000015
4500 4500 0.521284963680032 57.06257605552673 2.2000000000000015
4600 4600 0.5212816281974286 58.32965278625488 2.200000000000001
4700 4700 0.5212841168267727 59.594629526138306 2.200000000000001
4800 4800 0.5212814427137475 60.86912250518799 2.200000000000001
4900 4900 0.5212809608806619 62.13783884048462 2.2000000000000015
5000 5000 0.521281936870126 63.40022826194763 2.200000000000002
5100 5100 0.5212801883771344 64.66814732551575 2.200000000000001
5200 5200 0.5212820899728783 65.9339747428894 2.2000000000000015
5300 5300 0.5212829004103328 67.21042943000793 2.2000000000000006
5400 5400 0.5212827343810544 68.47618174552917 2.200000000000001
5500 5500 0.5212835118122245 69.74544501304626 2.200000000000001
5600 5600 0.5212830134326116 71.0157310962677 2.2000000000000015
5700 5700 0.5212824187894332 72.28580355644226 2.2000000000000015
5800 5800 0.5212821096466242 73.56471872329712 2.200000000000001
5900 5900 0.5212817017855351 74.84347200393677 2.200000000000001
6000 6000 0.5212809901775821 76.10191559791565 2.2000000000000015
6100 6100 0.5212811494179191 77.37307953834534 2.2000000000000015
6200 6200 0.5212808687008875 78.64882230758667 2.200000000000001
6300 6300 0.5212813397665989 79.9238634109497 2.200000000000001
6400 6400 0.5212823063384686 81.1931312084198 2.200000000000001
6500 6500 0.5212820965161833 82.46368098258972 2.2000000000000015
6600 6600 0.5212827437212946 83.73809432983398 2.2000000000000015
6700 6700 0.5212824936617224 85.00858092308044 2.2000000000000015
6800 6800 0.5212819687823308 86.28212594985962 2.2000000000000015
6900 6900 0.5212822348795261 87.54713082313538 2.200000000000001
7000 7000 0.5212814140496183 88.81191825866699 2.2000000000000015
7100 7100 0.5212813848507556 90.07156205177307 2.200000000000001
7200 7200 0.5212812569154067 91.34228825569153 2.200000000000001
7300 7300 0.5212810139900281 92.61399364471436 2.200000000000001
7400 7400 0.5212815415660716 93.87740325927734 2.2000000000000006
7500 7500 0.5212816548712926 95.14455389976501 2.2000000000000015
7600 7600 0.5212821153396339 96.4181067943573 2.200000000000001
7700 7700 0.521282150349651 97.68536734580994 2.2000000000000006
7800 7800 0.5212821414020687 98.94576048851013 2.200000000000001
7900 7900 0.5212820962600142 100.21580028533936 2.200000000000001
8000 8000 0.5212817443038601 101.48259043693542 2.200000000000001
8100 8100 0.5212817695566152 102.75514149665833 2.2000000000000006
8200 8200 0.5212814008771831 104.0290277004242 2.200000000000001
8300 8300 0.5212813651343794 105.30208015441895 2.200000000000001
8400 8400 0.5212813463960271 106.57194399833679 2.200000000000001
8500 8500 0.5212813657562216 107.84441471099854 2.200000000000001
8600 8600 0.5212817235444278 109.10852861404419 2.2000000000000006
8700 8700 0.5212817448866511 110.38623452186584 2.200000000000001
8800 8800 0.5212819958654038 111.65357327461243 2.200000000000001
8900 8900 0.5212819434972848 112.9237048625946 2.2000000000000015
9000 9000 0.5212818294873385 114.19798970222473 2.2000000000000015
9100 9100 0.5212818735428513 115.48256492614746 2.2000000000000015
9200 9200 0.5212815852637084 116.76195001602173 2.2000000000000015
9300 9300 0.5212816013294408 118.03239679336548 2.2000000000000006
9400 9400 0.5212814488899157 119.30686020851135 2.200000000000001
9500 9500 0.5212813904977757 120.57505583763123 2.2000000000000006
9600 9600 0.5212815063545 121.84985756874084 2.200000000000001
9700 9700 0.5212815362835135 123.11897492408752 2.200000000000001
9800 9800 0.5212817535289298 124.39226531982422 2.200000000000001
9900 9900 0.5212817609242387 125.66509127616882 2.2000000000000006
10000 10000 0.5212818273042157 126.93128228187561 2.2000000000000006
10100 10100 0.5212817988106252 128.20348954200745 2.200000000000001
10200 10200 0.5212816843892496 129.4734079837799 2.2000000000000006
10300 10300 0.5212817135633572 130.75945043563843 2.2000000000000006
10400 10400 0.5212815495509833 132.02653765678406 2.200000000000001
10500 10500 0.521281541435512 133.29988479614258 2.2000000000000015
10600 10600 0.5212814986280265 134.58344388008118 2.2000000000000015
10700 10700 0.5212814784372753 135.84811449050903 2.200000000000001
10800 10800 0.5212815975793041 137.1154956817627 2.2000000000000015
10900 10900 0.5212816145683221 138.38053703308105 2.200000000000001
11000 11000 0.5212817305739952 139.65689253807068 2.2000000000000015
11100 11100 0.5212817206699831 140.92979621887207 2.2000000000000006
11200 11200 0.5212817120824937 142.19763374328613 2.2000000000000006
11300 11300 0.5212817130191888 143.4688642024994 2.2000000000000006
11400 11400 0.5212816179196456 144.74090552330017 2.2000000000000015
11500 11500 0.5212816308953505 146.00307512283325 2.200000000000001
11600 11600 0.5212815495670249 147.27540755271912 2.2000000000000015
11700 11700 0.5212815341268887 148.55404472351074 2.200000000000001
11800 11800 0.5212815471209683 149.82832670211792 2.2000000000000015
11900 11900 0.5212815495842091 151.10440826416016 2.200000000000001
12000 12000 0.5212816320130114 152.37433290481567 2.2000000000000015
