0 0 3.443190116079145 3.2938730716705322 6.456896131167202
40 120 0.22297033178226297 4.99263596534729 5.317575215307368
80 240 0.12038735337707576 6.404932975769043 6.070302028281606
120 360 0.08408162655242366 7.870362997055054 6.35372478424896
160 480 0.06272816830647816 9.377348184585571 6.5054536676962895
200 600 0.04926139238530286 10.819865226745605 6.600170640744813
240 720 0.04033178134179724 12.160154342651367 6.664788177806389
280 840 0.0337967826884171 13.630146265029907 6.711467507021908
320 960 0.027755350863279654 15.770210266113281 6.746421985357138
360 1080 0.023194067198449908 17.154279232025146 6.773575728830968
400 1200 0.020283938797340806 18.502066373825073 6.795524949704522
440 1320 0.01805361945668535 19.93742537498474 6.813694921610302
480 1440 0.015933111231909894 21.394456148147583 6.828983546302398
520 1560 0.014363057879267754 22.79505729675293 6.841981257800501
560 1680 0.013345151810523148 24.18318748474121 6.8531320584543485
600 1800 0.01211170060036404 25.517605543136597 6.862810181475094
640 1920 0.011058303074499051 26.937069416046143 6.871320810684847
680 2040 0.010406566795680972 28.282437562942505 6.878865010374828
720 2160 0.009847143629747826 29.616987705230713 6.885568476709086
760 2280 0.00895840660551736 30.971355676651 6.891552305498325
800 2400 0.008450434704500132 32.29928779602051 6.896935786020698
840 2520 0.008210956169364195 33.622660875320435 6.901813036354001
880 2640 0.007630664149681332 35.05182099342346 6.906259798527777
920 2760 0.007108983314831868 36.37537503242493 6.910330949279127
960 2880 0.006703039006896963 37.69979810714722 6.914061833737317
1000 3000 0.006589842187281925 39.02897119522095 6.917491262680787
1040 3120 0.006265461277781589 40.37269616127014 6.920655600197479
1080 3240 0.005991265419110034 41.79323720932007 6.923589334036775
1120 3360 0.005664948485635965 43.29837417602539 6.926320781337171
1160 3480 0.0057315406460448914 44.84877300262451 6.928867526291294
1200 3600 0.005374843863056339 46.23042297363281 6.931243117412866
1240 3720 0.005062680572912592 47.56742477416992 6.933461389463244
1280 3840 0.005013610053615267 48.91681480407715 6.935536383848998
1320 3960 0.004721732696438122 50.322951793670654 6.937483350136979
1360 4080 0.0046812897716383695 51.668118953704834 6.939322587935481
1400 4200 0.004371542525937994 53.0105619430542 6.941061981415036
1440 4320 0.004232270361085033 54.430493116378784 6.942703449176044
1480 4440 0.004263395912173146 55.878682136535645 6.944252623795203
1520 4560 0.004052215704726594 57.346776485443115 6.945719613098442
1560 4680 0.003971301169433963 58.833500385284424 6.94711543495475
1600 4800 0.003834329214042531 60.241809368133545 6.948444965997469
1640 4920 0.0037555482702430615 61.90577530860901 6.949708114678278
1680 5040 0.003679210708412775 63.86218547821045 6.950907272491379
1720 5160 0.003506274453644459 65.25844764709473 6.95204887589179
1760 5280 0.0035083322176914927 67.03790259361267 6.95313805923862
1800 5400 0.0033640235879464353 68.68370342254639 6.95418132633016
1840 5520 0.003266007020769679 70.20166373252869 6.95518167181686
1880 5640 0.0031509339754693805 71.63041949272156 6.956140526730729
1920 5760 0.003186573102718221 73.06271839141846 6.957058823630897
1960 5880 0.0030691123823562982 74.56035733222961 6.9579372610493495
2000 6000 0.0030717210268342288 77.21224641799927 6.958779303008254
2040 6120 0.002902373380696918 78.70759844779968 6.959588786856841
2080 6240 0.0028625039225147475 80.48940563201904 6.960368511022965
2120 6360 0.0028058315389243027 81.9771978855133 6.96111942844048
2160 6480 0.0026452120391679546 83.39778470993042 6.961842289974529
2200 6600 0.0026637050999232664 85.14076280593872 6.962537758333337
2240 6720 0.0027212765658899407 87.42549705505371 6.963208449202929
2280 6840 0.0026090578289094946 89.6627140045166 6.963855710466748
2320 6960 0.002530801272094596 91.69404768943787 6.964481832656734
2360 7080 0.0024925789769330853 93.17042851448059 6.965086987009368
2400 7200 0.0024556120188585773 94.90221333503723 6.9656715876840805
2440 7320 0.0024014857576232784 96.9237322807312 6.966235824982412
2480 7440 0.0023537208858831066 98.66116619110107 6.966780949550759
2520 7560 0.002285815716324302 100.73352026939392 6.967309228710431
2560 7680 0.002232552416371339 102.59841132164001 6.967821909839549
2600 7800 0.002218259598316827 104.38375735282898 6.968319535047124
2640 7920 0.0021883613862525436 106.01472020149231 6.96880246839823
2680 8040 0.0021451513898792796 108.39752316474915 6.969270550826179
2720 8160 0.0021893052212283576 110.28042316436768 6.969723851429369
2760 8280 0.002099586294937117 112.07204484939575 6.970163321174606
2800 8400 0.002072966787850433 113.78413081169128 6.970590361098642
2840 8520 0.0020935676882751775 115.33564472198486 6.971005931476201
2880 8640 0.001981263763543628 116.86745381355286 6.9714101842920515
2920 8760 0.0020357402307464717 118.51567959785461 6.971803614546736
2960 8880 0.0018950851121899148 120.91211557388306 6.972185958037758
3000 9000 0.0018889522600052944 122.98552870750427 6.972558103853361
3040 9120 0.001975242334335714 125.10555028915405 6.972920829594082
3080 9240 0.0018255730286580174 126.83704829216003 6.97327437648435
3120 9360 0.0018489211904858943 129.07685160636902 6.973618574847857
3160 9480 0.0017632150943034108 132.31207156181335 6.973953003217162
3200 9600 0.0018120942567058929 134.46713256835938 6.974278866452196
3240 9720 0.0017687014069123902 136.3587827682495 6.97459732753228
3280 9840 0.0017667026193158297 138.7596468925476 6.9749089968995195
3320 9960 0.0017658787615181942 141.10855984687805 6.9752131998833775
3360 10080 0.00171754682577277 143.3165397644043 6.975509707007021
3400 10200 0.0017158587051170071 145.33960676193237 6.975798512816048
3440 10320 0.00171010607270225 147.32230687141418 6.976080203082495
3480 10440 0.0016599870419539697 149.13454294204712 6.976355962816352
3520 10560 0.0016085997900037174 151.08686804771423 6.976626256296176
3560 10680 0.00159888777837916 152.83443307876587 6.9768907646617
3600 10800 0.0016272534815990475 154.76114416122437 6.9771488844278515
3640 10920 0.001563253116308394 156.53753399848938 6.977400262885554
3680 11040 0.0015296361140112458 158.69693207740784 6.977645901549023
3720 11160 0.0015007933447398758 160.7373411655426 6.977886624076707
3760 11280 0.0014918211084534588 162.4875009059906 6.978123049718618
3800 11400 0.0014671591511988546 164.43451571464539 6.978354865725374
3840 11520 0.0014737916542351681 166.3256766796112 6.978581570309844
3880 11640 0.0014495449148095169 168.1573657989502 6.9788029658094946
3920 11760 0.001458977801739203 170.11981463432312 6.979019454029702
3960 11880 0.0014582650586791313 171.93378353118896 6.979232032131078
4000 12000 0.001421644703316044 173.83238768577576 6.979440854680569
