0 0 4.747222222222222 0.026873111724853516 11.000000000000002
120 120 0.17196559559442115 1.195617914199829 1.8673232460971507
240 240 0.08798265245632697 2.4400458335876465 2.524654372633897
360 360 0.08832502914489163 3.594205856323242 0.6431380900426348
480 480 0.08010759836191375 4.602869033813477 1.6027491492363555
600 600 0.08419277434288952 5.7482452392578125 0.6499397214562267
720 720 0.07696267979541531 6.906162261962891 0.5393561626833909
840 840 0.08162515283751079 8.28525996208191 1.556497709873806
960 960 0.07654886217813062 9.297462701797485 1.5341359791528506
1080 1080 0.07684849586593251 10.63536286354065 0.4444467712025446
1200 1200 0.07483651513269493 11.82606291770935 0.31082564405907714
1320 1320 0.07289494530241503 12.940338134765625 1.429540446431796
1440 1440 0.07313799659549436 14.054548263549805 0.2213814587751648
1560 1560 0.07189082728952192 15.694931268692017 0.23658229010574697
1680 1680 0.07191073372091955 16.990499258041382 0.26345970914320765
1800 1800 0.0709479503057857 18.13890027999878 1.0388823777077911
1920 1920 0.07131633250771213 19.160091400146484 0.25327472131148754
2040 2040 0.07019573582465077 20.227737426757812 0.22000000000000208
2160 2160 0.07083484634735174 21.230791568756104 0.22000000000000136
2280 2280 0.06946727293428306 22.276472330093384 0.24955608405362054
2400 2400 0.07082914961048851 23.37596035003662 0.2200000000000021
2520 2520 0.07024554574134594 24.463780403137207 0.25708950399246444
2640 2640 0.07067944549898919 26.041614532470703 0.22000000000000153
2760 2760 0.0704211986608087 27.483607530593872 0.3044694696785514
2880 2880 0.07138316655456715 28.512486696243286 0.2483142499777059
3000 3000 0.0692971780318261 29.524702548980713 1.113544655855014
3120 3120 0.07086858984043912 30.57870864868164 0.25834330499925745
3240 3240 0.07028011544502108 31.695369720458984 0.4887664532590867
3360 3360 0.07080577247118014 32.894033670425415 0.22000000000000247
3480 3480 0.06974189771959988 34.3520073890686 0.6133148298005326
3600 3600 0.0692413868348006 35.384822368621826 0.22000000000000156
3720 3720 0.06967912302593918 36.382118463516235 0.385328056295516
3840 3840 0.07067141952698452 37.550315380096436 0.22796776348457926
3960 3960 0.06967255192924048 38.60820817947388 0.6571473090183132
4080 4080 0.07031745172162016 39.66787338256836 0.22000000000000142
4200 4200 0.07000870142502837 41.67959141731262 0.3184106980350419
4320 4320 0.07006863152895511 42.870190382003784 0.22000000000000075
4440 4440 0.07021963692994672 43.913121461868286 0.22000000000000147
4560 4560 0.07061769075534557 44.9381046295166 0.2200000000000008
4680 4680 0.07020742229741936 45.98523688316345 0.2200000000000011
4800 4800 0.06940343075954858 47.261574029922485 0.2427136082204127
4920 4920 0.0694460236625049 48.49148893356323 0.22000000000000125
5040 5040 0.07012873873325323 49.62862491607666 0.2254087586403217
5160 5160 0.07021409258430422 50.75631594657898 0.22000000000000092
5280 5280 0.06977458893389901 51.804035663604736 0.2663073212021884
5400 5400 0.06962677644854141 52.97253942489624 0.22000000000000103
5520 5520 0.0696655441127223 53.990580320358276 0.2200000000000016
5640 5640 0.06979924961875528 55.4582633972168 0.22000000000000183
5760 5760 0.06992741394325588 56.95974135398865 0.22000000000000172
5880 5880 0.06945423263435645 58.021958351135254 0.22000000000000206
6000 6000 0.06974352081792795 59.07611346244812 0.22000000000000208
6120 6120 0.07000488619297869 60.11990737915039 0.2656861302156983
6240 6240 0.06986087261227011 61.12633156776428 0.22000000000000214
6360 6360 0.0698766073139255 62.13386654853821 0.22000000000000233
6480 6480 0.06986451594764467 63.13836169242859 0.22000000000000153
6600 6600 0.06945710133947731 64.17615962028503 0.2200000000000007
6720 6720 0.06973462966239126 65.63563656806946 0.2200000000000009
6840 6840 0.06985543745369326 66.72714853286743 0.22000000000000156
6960 6960 0.06953655507917297 67.7800223827362 0.23827496622151015
7080 7080 0.0691931047301257 68.79480838775635 0.22000000000000122
7200 7200 0.06964061823923706 70.09999537467957 0.2200000000000024
7320 7320 0.06961203834098212 71.25682544708252 0.2519576280620334
7440 7440 0.06981911531199875 72.3100152015686 0.22000000000000147
7560 7560 0.06944772823043874 73.34452509880066 0.22000000000000208
7680 7680 0.0695024859587616 74.38535785675049 0.2200000000000015
7800 7800 0.069659586571757 75.4305214881897 0.2263808647133054
7920 7920 0.06976218174059398 76.421870470047 0.2200000000000018
8040 8040 0.0695278022059612 77.41410756111145 0.22000000000000114
8160 8160 0.06944845410679254 78.40050458908081 0.22000000000000175
8280 8280 0.06956798695804703 79.38469576835632 0.23938848325867684
8400 8400 0.06965986355676139 80.3765799999237 0.22000000000000133
8520 8520 0.06980677647321652 81.425616979599 0.22000000000000267
8640 8640 0.06961582549300636 82.51465678215027 0.22000000000000178
8760 8760 0.06976922074250982 83.56625390052795 0.22000000000000158
8880 8880 0.06918711575209589 84.5851936340332 0.22000000000000142
9000 9000 0.06959900935022076 85.5890884399414 0.2200000000000013
9120 9120 0.06943403037761527 86.58813524246216 0.26674908681610304
9240 9240 0.06964926387348705 87.63129115104675 0.220000000000001
9360 9360 0.06920620773335309 88.76858496665955 0.2200000000000008
9480 9480 0.06959798894800476 89.85791611671448 0.2200000000000021
9600 9600 0.06941733050257837 90.86835098266602 0.24078087187755806
9720 9720 0.06999531959369676 92.09623193740845 0.2200000000000014
9840 9840 0.06947907376705008 93.19361710548401 0.2200000000000013
9960 9960 0.0695633004418834 94.22224521636963 0.23845488685215196
10080 10080 0.06939532793620731 95.28850030899048 0.22000000000000172
10200 10200 0.06999711028755605 96.39867949485779 0.22000000000000106
10320 10320 0.06937337717302877 97.49336361885071 0.2200000000000017
10440 10440 0.06937464095056028 98.55588936805725 0.22000000000000186
10560 10560 0.06940094306342616 99.65310835838318 0.22000000000000103
10680 10680 0.06964609511869835 100.71284508705139 0.2200000000000014
10800 10800 0.06970258594290056 101.76975107192993 0.22000000000000125
10920 10920 0.06943740426657356 102.81891798973083 0.22000000000000144
11040 11040 0.069516129268433 103.93038511276245 0.2200000000000012
11160 11160 0.06922176028797276 104.94398045539856 0.22000000000000192
11280 11280 0.06970674380481415 106.10723423957825 0.24774255909579607
11400 11400 0.06930953543041381 107.16480040550232 0.2200000000000014
11520 11520 0.06948915775439611 108.28023219108582 0.22000000000000125
11640 11640 0.069068359005198 109.30197334289551 0.2200000000000016
11760 11760 0.06958092687114378 110.34538650512695 0.22000000000000153
11880 11880 0.06944290787091027 111.36944842338562 0.22000000000000136
12000 12000 0.06972805955702233 112.40973448753357 0.2200000000000015
