0 0 4.747222222222222 30.978580474853516 11.000000000000002
60 120 0.5347232047354926 31.908705949783325 2.006791419964768
120 240 0.373269496081137 32.848865270614624 1.9469363476639219
180 360 0.3058569415137586 33.76620054244995 1.949885195960246
240 480 0.2651502115569595 34.695204973220825 1.9751476818985088
300 600 0.24044802554663613 35.61736536026001 2.0107922902458757
360 720 0.22090611700653265 36.53478384017944 2.0289023153198977
420 840 0.20358376595395042 37.457380056381226 2.045916677071509
480 960 0.18948685037396285 38.381640911102295 2.0428305629152606
540 1080 0.1791608728988122 39.29983353614807 2.069739853420382
600 1200 0.1711812897178402 40.22453045845032 2.072882835856794
660 1320 0.16412919677584042 41.145092487335205 2.075461471320486
720 1440 0.15753285447880694 42.059266328811646 2.08001139078732
780 1560 0.1512714793947321 42.989808082580566 2.08484879395428
840 1680 0.14540686234687872 43.913543701171875 2.1246334236526643
900 1800 0.14015827889855442 44.843212842941284 2.169705996508342
960 1920 0.1359263873787743 45.761008977890015 2.2124991685889097
1020 2040 0.13344284799847178 46.685420989990234 2.2572457630173863
1080 2160 0.12843575867555126 47.61094284057617 2.2956238246138594
1140 2280 0.1251139408096166 48.53272032737732 2.3314651653405196
1200 2400 0.1228609997718586 49.45170068740845 2.371944216122381
1260 2520 0.11893048484994684 50.3741397857666 2.4041061293765105
1320 2640 0.11766892692883271 51.3080677986145 2.443244850870762
1380 2760 0.1137411988076461 52.23195481300354 2.472909987083172
1440 2880 0.1127178302045807 53.16858649253845 2.509974851997589
1500 3000 0.1091053110850706 54.121328353881836 2.536862686712828
1560 3120 0.10802577513545275 55.08458590507507 2.5725104635472205
1620 3240 0.10541495101378728 56.056057929992676 2.5964791355487837
1680 3360 0.10362660832018841 57.028743267059326 2.6292100498752844
1740 3480 0.10314776556788854 58.0027973651886 2.6562451038773007
1800 3600 0.09963221485402415 58.971073627471924 2.6794773774642096
1860 3720 0.09892321689149822 59.915475606918335 2.7105852788143974
1920 3840 0.09742935574361813 60.83578395843506 2.72930593026899
1980 3960 0.09513299592177826 61.76427626609802 2.7559158820611156
2040 4080 0.09461830854949774 62.69331336021423 2.7835056317095694
2100 4200 0.09285141210898376 63.63075613975525 2.7989966945875806
2160 4320 0.09103252254360705 64.55381417274475 2.8244197666410775
2220 4440 0.09055740516957098 65.52585291862488 2.850631776188299
2280 4560 0.0904548013296782 66.45183634757996 2.865856834889844
2340 4680 0.08726487750022974 67.37429738044739 2.885670178758205
2400 4800 0.086714502173828 68.2937867641449 2.91228145115307
2460 4920 0.086563569493393 69.21258878707886 2.9298793850284826
2520 5040 0.08410549321860127 70.1373405456543 2.9419394087584783
2580 5160 0.08316048736963591 71.06066989898682 2.9666873802748337
2640 5280 0.0828316741871337 71.99017477035522 2.9888436779768255
2700 5400 0.08276601108991899 72.9296202659607 3.0018414082261913
2760 5520 0.08010906361034968 73.85101747512817 3.013997013143221
2820 5640 0.07940976586465248 74.77483534812927 3.0372679501237574
2880 5760 0.07915023133557988 75.6934723854065 3.0567055459870973
2940 5880 0.0790866969853622 76.61589860916138 3.0682079910327302
3000 6000 0.07655020207444399 77.54251098632812 3.0771110806669215
3060 6120 0.07593429017024836 78.47425079345703 3.0968707908295277
3120 6240 0.0755895027420156 79.40642309188843 3.1156382590664315
3180 6360 0.07553908455121648 80.33705353736877 3.127975790300425
3240 6480 0.07550291702324505 81.25847244262695 3.1349673378136527
3300 6600 0.07272171359380475 82.18568301200867 3.1474735119672355
3360 6720 0.07231169729743724 83.11073327064514 3.166864401313718
3420 6840 0.07216489185602637 84.0426549911499 3.1823181436191397
3480 6960 0.07209723144799066 84.96671605110168 3.1919196064835753
3540 7080 0.07208719424022333 85.90865850448608 3.1973886846250954
3600 7200 0.06939221844998224 86.85823035240173 3.2092368682485
3660 7320 0.06903540316750276 87.79020118713379 3.227689234218527
3720 7440 0.0689003298404098 88.71753406524658 3.242622588818223
3780 7560 0.06882983072301857 89.64466547966003 3.252139898511017
3840 7680 0.06882114807771048 90.56828761100769 3.257743942945537
3900 7800 0.06655566217698655 91.50967621803284 3.2639879121403257
3960 7920 0.06610169017835633 92.44464540481567 3.280569496940313
4020 8040 0.06576198996865863 93.3678023815155 3.2971001704734664
4080 8160 0.06573600698396975 94.29075455665588 3.3087382424846026
4140 8280 0.06570003309288136 95.218026638031 3.3159461129104546
4200 8400 0.06568952680701344 96.19155383110046 3.320303443537709
4260 8520 0.06347240944400391 97.12700605392456 3.326617554815119
4320 8640 0.06308269725015977 98.16817951202393 3.342674579088466
4380 8760 0.06277292551264173 99.11432337760925 3.358406885522255
4440 8880 0.06274626760371173 100.04334688186646 3.3695662700005133
4500 9000 0.06271570970716009 100.9911949634552 3.3766323483953924
4560 9120 0.06270355135209037 101.92465281486511 3.381028218876596
4620 9240 0.061502186049216895 102.86542010307312 3.383769284596514
4680 9360 0.0602775707452361 103.81323194503784 3.3957544878076007
4740 9480 0.06001562338266472 104.74738955497742 3.411875310681934
4800 9600 0.0599411115900384 105.67983365058899 3.425015790706464
4860 9720 0.05986564443400054 106.62067174911499 3.433835803662071
4920 9840 0.05986607987967135 107.56016635894775 3.439457730093553
4980 9960 0.05985046510573079 108.49362683296204 3.443082875194667
5040 10080 0.058917010426748545 109.42123913764954 3.4452313094098836
5100 10200 0.057547453231078446 110.3513765335083 3.455929702929532
5160 10320 0.057329968736025805 111.3096079826355 3.4713361925119295
5220 10440 0.05722225922198222 112.24549531936646 3.484373670019794
5280 10560 0.05715106058002925 113.19787430763245 3.4933408196136893
5340 10680 0.05715419419832232 114.13455963134766 3.49918282525478
5400 10800 0.05713525676324327 115.06436967849731 3.5030279180038018
5460 10920 0.05713426252243123 116.01102900505066 3.5056099471706976
5520 11040 0.055447266195775 116.9527006149292 3.5084623851683854
5580 11160 0.054931297322880324 117.87600588798523 3.520686914100312
5640 11280 0.054637553839241806 118.79933953285217 3.5352597164346986
5700 11400 0.0546267872878293 119.74292874336243 3.546848771653945
5760 11520 0.05455899583495186 120.67492651939392 3.5547540052441726
5820 11640 0.054563877542955955 121.5939073562622 3.5599885846825075
5880 11760 0.054546567307296345 122.5330240726471 3.563529958693846
5940 11880 0.054544466159207064 123.45968317985535 3.5659677091365016
6000 12000 0.05454283699738442 124.38289737701416 3.567633671827799
