0 0 4.747222222222222 0.007999897003173828 11.000000000000002
60 120 0.4474103291516167 0.9348220825195312 2.4037947348337516
120 240 0.4470282025673133 1.8516693115234375 2.3620959299186306
180 360 0.446975164535911 2.775221586227417 2.360679735789874
240 480 0.44697208169955227 3.690450429916382 2.3606058830129832
300 600 0.4469718981673384 4.63623309135437 2.3606022828116777
360 720 0.4469718873011454 5.541270017623901 2.3606021127769234
420 840 0.44697188665397036 6.446854829788208 2.3606021044046432
480 960 0.4469718866154305 7.3689751625061035 2.360602103992816
540 1080 0.4469718866131268 8.265090703964233 2.3606021039727922
600 1200 0.4469718866129885 9.172312259674072 2.360602103971825
660 1320 0.44697188661297993 10.074056148529053 2.3606021039717784
720 1440 0.44697188661298015 11.008113145828247 2.360602103971778
780 1560 0.44697188661298004 11.95067834854126 2.360602103971779
840 1680 0.44697188661298004 12.854872465133667 2.360602103971779
900 1800 0.44697188661298004 13.771424770355225 2.360602103971779
960 1920 0.44697188661298004 14.693975925445557 2.360602103971779
1020 2040 0.44697188661298004 15.628044366836548 2.360602103971779
1080 2160 0.44697188661298004 16.53715443611145 2.360602103971779
1140 2280 0.44697188661298004 17.46772575378418 2.360602103971779
1200 2400 0.44697188661298004 18.385324954986572 2.360602103971779
1260 2520 0.44697188661298004 19.343659162521362 2.360602103971779
1320 2640 0.44697188661298004 20.256212949752808 2.360602103971779
1380 2760 0.44697188661298004 21.1677029132843 2.360602103971779
1440 2880 0.44697188661298004 22.094173669815063 2.360602103971779
1500 3000 0.44697188661298004 22.996673583984375 2.360602103971779
1560 3120 0.44697188661298004 23.90580105781555 2.360602103971779
1620 3240 0.44697188661298004 24.858173847198486 2.360602103971779
1680 3360 0.44697188661298004 25.79177761077881 2.360602103971779
1740 3480 0.44697188661298004 26.72916078567505 2.360602103971779
1800 3600 0.44697188661298004 27.668440580368042 2.360602103971779
1860 3720 0.44697188661298004 28.60406756401062 2.360602103971779
1920 3840 0.44697188661298004 29.578721046447754 2.360602103971779
1980 3960 0.44697188661298004 30.502660512924194 2.360602103971779
2040 4080 0.44697188661298004 31.448633909225464 2.360602103971779
2100 4200 0.44697188661298004 32.429097414016724 2.360602103971779
2160 4320 0.44697188661298004 33.34982967376709 2.360602103971779
2220 4440 0.44697188661298004 34.2942271232605 2.360602103971779
2280 4560 0.44697188661298004 35.213568449020386 2.360602103971779
2340 4680 0.44697188661298004 36.17166352272034 2.360602103971779
2400 4800 0.44697188661298004 37.135608196258545 2.360602103971779
2460 4920 0.44697188661298004 38.06355166435242 2.360602103971779
2520 5040 0.44697188661298004 38.993934631347656 2.360602103971779
2580 5160 0.44697188661298004 39.90854787826538 2.360602103971779
2640 5280 0.44697188661298004 40.81861734390259 2.360602103971779
2700 5400 0.44697188661298004 41.73085594177246 2.360602103971779
2760 5520 0.44697188661298004 42.69702076911926 2.360602103971779
2820 5640 0.44697188661298004 43.6235876083374 2.360602103971779
2880 5760 0.44697188661298004 44.54893970489502 2.360602103971779
2940 5880 0.44697188661298004 45.48533487319946 2.360602103971779
3000 6000 0.44697188661298004 46.421565532684326 2.360602103971779
3060 6120 0.44697188661298004 47.382673025131226 2.360602103971779
3120 6240 0.44697188661298004 48.30067300796509 2.360602103971779
3180 6360 0.44697188661298004 49.21825098991394 2.360602103971779
3240 6480 0.44697188661298004 50.12789463996887 2.360602103971779
3300 6600 0.44697188661298004 51.03606867790222 2.360602103971779
3360 6720 0.44697188661298004 51.99290728569031 2.360602103971779
3420 6840 0.44697188661298004 52.89729905128479 2.360602103971779
3480 6960 0.44697188661298004 53.799789905548096 2.360602103971779
3540 7080 0.44697188661298004 54.70019221305847 2.360602103971779
3600 7200 0.44697188661298004 55.63464689254761 2.360602103971779
3660 7320 0.44697188661298004 56.60121965408325 2.360602103971779
3720 7440 0.44697188661298004 57.51847767829895 2.360602103971779
3780 7560 0.44697188661298004 58.422486305236816 2.360602103971779
3840 7680 0.44697188661298004 59.34720277786255 2.360602103971779
3900 7800 0.44697188661298004 60.32931184768677 2.360602103971779
3960 7920 0.44697188661298004 61.22868466377258 2.360602103971779
4020 8040 0.44697188661298004 62.15248203277588 2.360602103971779
4080 8160 0.44697188661298004 63.0549533367157 2.360602103971779
4140 8280 0.44697188661298004 63.95636010169983 2.360602103971779
4200 8400 0.44697188661298004 64.86098527908325 2.360602103971779
4260 8520 0.44697188661298004 65.79911518096924 2.360602103971779
4320 8640 0.44697188661298004 66.73081922531128 2.360602103971779
4380 8760 0.44697188661298004 67.63740682601929 2.360602103971779
4440 8880 0.44697188661298004 68.56297278404236 2.360602103971779
4500 9000 0.44697188661298004 69.46855282783508 2.360602103971779
4560 9120 0.44697188661298004 70.38246154785156 2.360602103971779
4620 9240 0.44697188661298004 71.31680011749268 2.360602103971779
4680 9360 0.44697188661298004 72.25641560554504 2.360602103971779
4740 9480 0.44697188661298004 73.17285418510437 2.360602103971779
4800 9600 0.44697188661298004 74.10635781288147 2.360602103971779
4860 9720 0.44697188661298004 75.01833081245422 2.360602103971779
4920 9840 0.44697188661298004 75.92529487609863 2.360602103971779
4980 9960 0.44697188661298004 76.85558867454529 2.360602103971779
5040 10080 0.44697188661298004 77.7581524848938 2.360602103971779
5100 10200 0.44697188661298004 78.65569829940796 2.360602103971779
5160 10320 0.44697188661298004 79.56424856185913 2.360602103971779
5220 10440 0.44697188661298004 80.47279357910156 2.360602103971779
5280 10560 0.44697188661298004 81.3989622592926 2.360602103971779
5340 10680 0.44697188661298004 82.32551550865173 2.360602103971779
5400 10800 0.44697188661298004 83.26408314704895 2.360602103971779
5460 10920 0.44697188661298004 84.25766181945801 2.360602103971779
5520 11040 0.44697188661298004 85.2082269191742 2.360602103971779
5580 11160 0.44697188661298004 86.11040472984314 2.360602103971779
5640 11280 0.44697188661298004 87.03785037994385 2.360602103971779
5700 11400 0.44697188661298004 87.93571496009827 2.360602103971779
5760 11520 0.44697188661298004 88.83778500556946 2.360602103971779
5820 11640 0.44697188661298004 89.75237274169922 2.360602103971779
5880 11760 0.44697188661298004 90.73891520500183 2.360602103971779
5940 11880 0.44697188661298004 91.70684313774109 2.360602103971779
6000 12000 0.44697188661298004 92.60740208625793 2.360602103971779
