0 0 4.747222222222222 0.006422519683837891 11.000000000000002
60 120 0.19851196507450974 0.8562948703765869 3.6423763935479743
120 240 0.09274953919860238 1.695202112197876 2.1315243754627984
180 360 0.05923621334078613 2.538489818572998 2.502161508669871
240 480 0.0540014712661295 3.376802921295166 2.3839426372773933
300 600 0.0555941704420725 4.164348363876343 2.7508166702163135
360 720 0.06302464590689949 4.955410480499268 3.0187458342572175
420 840 0.060037964863876456 5.739822626113892 3.215540134057985
480 960 0.06139437144277747 6.547806024551392 3.358143980525849
540 1080 0.0660986718183067 7.376628637313843 3.4596257742048526
600 1200 0.06595547658384945 8.30700135231018 3.5311822154240455
660 1320 0.06605778974716053 9.297874450683594 3.5812683894555604
720 1440 0.06608556443193987 10.247931718826294 3.615863994367457
780 1560 0.06618002137177818 11.053043842315674 3.6395558705060154
840 1680 0.06599574666557884 11.868197917938232 3.6558077253478767
900 1800 0.06581738038398405 12.660165071487427 3.6670210644971086
960 1920 0.06579505316229045 13.431677103042603 3.6747833926282816
1020 2040 0.06583332392370386 14.2284996509552 3.6801633307086066
1080 2160 0.06585698677128615 15.031157493591309 3.68389619442117
1140 2280 0.0658685527616452 15.821552038192749 3.686488117456717
1200 2400 0.06588062241264502 16.614799737930298 3.688288069561534
1260 2520 0.06588945063906834 17.39982557296753 3.6895389314192193
1320 2640 0.06589448271117736 18.175482988357544 3.690410153329013
1380 2760 0.06589786162113623 18.955230951309204 3.6910189103968705
1440 2880 0.06590104967490837 19.99910855293274 3.6914456609453223
1500 3000 0.06590385980723446 20.9131498336792 3.691745720624735
1560 3120 0.06590606850842796 21.84754180908203 3.6919573017921667
1620 3240 0.06590774342835853 22.754462480545044 3.692106892359864
1680 3360 0.06590902861971183 23.631083488464355 3.692212914262714
1740 3480 0.06590999951688152 24.52244782447815 3.692288233777662
1800 3600 0.06591071579071311 25.377208471298218 3.6923418689385157
1860 3720 0.0659112433432146 26.24004340171814 3.6923801534009777
1920 3840 0.06591163607083358 27.13743233680725 3.6924075431568424
1980 3960 0.06591192911042958 27.9785315990448 3.692427180686437
2040 4080 0.06591214664931534 28.84693479537964 3.6924412883371645
2100 4200 0.06591230766923893 29.70115613937378 3.6924514420143373
2160 4320 0.06591242676761586 30.572445154190063 3.6924587621856677
2220 4440 0.06591251467420237 31.437448024749756 3.692464047630645
2280 4560 0.06591257934817045 32.31102252006531 3.692467869236568
2340 4680 0.06591262683460088 33.2026309967041 3.6924706359307575
2400 4800 0.06591266167608315 34.14718270301819 3.69247264121692
2460 4920 0.0659126872228323 35.08865284919739 3.6924740961495544
2520 5040 0.06591270593672326 35.96820950508118 3.6924751527608843
2580 5160 0.06591271963429027 36.92982029914856 3.6924759207425413
2640 5280 0.06591272965398516 37.98381233215332 3.692476479353741
2700 5400 0.06591273697828992 39.149264335632324 3.6924768859419936
2760 5520 0.06591274232795777 40.15585160255432 3.692477182052079
2820 5640 0.0659127462323687 41.00074481964111 3.692477397814084
2880 5760 0.06591274908011385 41.85918354988098 3.6924775551013176
2940 5880 0.06591275115592488 42.83001518249512 3.6924776698069772
3000 6000 0.06591275266817113 43.763604402542114 3.6924777534881614
3060 6120 0.06591275376926425 44.7209677696228 3.6924778145547212
3120 6240 0.06591275457058249 45.64854717254639 3.6924778591300758
3180 6360 0.06591275515344402 46.52894568443298 3.69247789167527
3240 6480 0.06591275557719656 47.48212814331055 3.692477915441813
3300 6600 0.0659127558851102 48.4188711643219 3.6924779328006516
3360 6720 0.06591275610873823 49.31871700286865 3.6924779454812655
3420 6840 0.06591275627106666 50.23625159263611 3.69247795474564
3480 6960 0.06591275638884972 51.13754081726074 3.692477961514873
3540 7080 0.06591275647425841 52.03603005409241 3.692477966461438
3600 7200 0.06591275653615997 52.89227867126465 3.692477970076393
3660 7320 0.06591275658100199 53.785979986190796 3.6924779727183963
3720 7440 0.06591275661346781 54.68384790420532 3.692477974649416
3780 7560 0.06591275663696655 55.56387257575989 3.6924779760608515
3840 7680 0.06591275665395735 56.477203607559204 3.692477977092549
3900 7800 0.06591275666623497 57.3401780128479 3.6924779778466927
3960 7920 0.06591275667510894 58.21322751045227 3.6924779783979726
4020 8040 0.06591275668151268 59.12071919441223 3.6924779788009667
4080 8160 0.06591275668613052 60.070019245147705 3.6924779790955626
4140 8280 0.06591275668946228 61.02685809135437 3.6924779793109286
4200 8400 0.065912756691864 61.925724506378174 3.692477979468367
4260 8520 0.06591275669359065 62.84428644180298 3.692477979583458
4320 8640 0.06591275669483486 63.78666639328003 3.6924779796676015
4380 8760 0.06591275669572765 65.03750491142273 3.6924779797291087
4440 8880 0.06591275669637062 65.96380639076233 3.6924779797740808
4500 9000 0.06591275669682692 66.96495747566223 3.6924779798069527
4560 9120 0.06591275669715708 67.92823076248169 3.6924779798309837
4620 9240 0.06591275669739055 68.99581456184387 3.6924779798485545
4680 9360 0.06591275669755368 70.03676176071167 3.692477979861402
4740 9480 0.06591275669767366 71.10641121864319 3.692477979870783
4800 9600 0.06591275669776121 72.12786936759949 3.692477979877644
4860 9720 0.06591275669782218 73.11572885513306 3.692477979882659
4920 9840 0.06591275669786026 74.07124829292297 3.6924779798863208
4980 9960 0.06591275669788474 75.03795504570007 3.6924779798890035
5040 10080 0.06591275669791177 75.94065403938293 3.692477979890959
5100 10200 0.06591275669792702 76.8799340724945 3.69247797989239
5160 10320 0.06591275669793537 77.79586625099182 3.692477979893432
5220 10440 0.06591275669794186 78.71325659751892 3.692477979894198
5280 10560 0.06591275669794866 79.6404321193695 3.6924779798947664
5340 10680 0.06591275669795359 80.58434700965881 3.692477979895182
5400 10800 0.06591275669795682 81.50051593780518 3.6924779798954783
5460 10920 0.0659127566979603 82.36479187011719 3.692477979895689
5520 11040 0.06591275669796129 83.28626871109009 3.6924779798958487
5580 11160 0.06591275669796318 84.16560506820679 3.69247797989598
5640 11280 0.06591275669796233 85.05288124084473 3.6924779798960614
5700 11400 0.06591275669796454 85.97291326522827 3.6924779798961187
5760 11520 0.06591275669796748 86.87994956970215 3.6924779798961516
5820 11640 0.0659127566979658 87.85436964035034 3.692477979896168
5880 11760 0.06591275669796834 89.16281962394714 3.6924779798961818
5940 11880 0.0659127566979697 90.084481716156 3.692477979896187
6000 12000 0.06591275669796949 91.01662588119507 3.692477979896187
