0 0 4.747222222222222 0.0075609683990478516 11.000000000000002
120 120 1.0290766577425803 0.7773330211639404 5.331541819674049
240 240 0.9079774762789217 1.5285611152648926 2.200000000000001
360 360 0.8792925753052147 2.231919050216675 2.2000000000000015
480 480 0.8898680964285006 2.941390037536621 2.200000000000002
600 600 0.8890187461484393 3.6491081714630127 2.2000000000000006
720 720 0.8854685404705198 4.35619592666626 2.2000000000000006
840 840 0.8892847335431686 5.067463159561157 2.200000000000002
960 960 0.8980161621711252 5.786051273345947 2.2000000000000015
1080 1080 0.8996003360882565 6.491206407546997 2.2000000000000015
1200 1200 0.8943983392658559 7.195818185806274 2.200000000000001
1320 1320 0.893690360063241 7.901937484741211 2.2000000000000006
1440 1440 0.897311884513093 8.606935262680054 2.2
1560 1560 0.8940531035955568 9.307254552841187 2.2
1680 1680 0.8933342476394629 10.011369705200195 2.200000000000001
1800 1800 0.8966316824308564 10.72251558303833 2.2000000000000015
1920 1920 0.8956375859631567 11.421931743621826 2.2000000000000015
2040 2040 0.8939267889408342 12.140260696411133 2.2000000000000006
2160 2160 0.8958218228745837 12.845856666564941 2.2000000000000006
2280 2280 0.8959066706519168 13.551865577697754 2.200000000000001
2400 2400 0.8938997805550405 14.256858587265015 2.200000000000001
2520 2520 0.8944144289628061 14.961283683776855 2.2000000000000006
2640 2640 0.8956007436077112 15.737140655517578 2.200000000000001
2760 2760 0.8946501772989426 16.549298763275146 2.2000000000000006
2880 2880 0.8947929212835797 17.32595443725586 2.2000000000000006
3000 3000 0.8959434372986843 18.0876886844635 2.2000000000000006
3120 3120 0.8950619229874539 18.82287859916687 2.200000000000001
3240 3240 0.8941992085848135 19.537611722946167 2.200000000000002
3360 3360 0.8948677446198936 20.323625564575195 2.200000000000001
3480 3480 0.8949886016270345 21.079396724700928 2.2000000000000006
3600 3600 0.8947160459640274 21.8395676612854 2.200000000000001
3720 3720 0.895297459373274 22.607069730758667 2.2000000000000015
3840 3840 0.8954839439486639 23.35195279121399 2.2000000000000015
3960 3960 0.8947083681646983 24.12837290763855 2.200000000000001
4080 4080 0.8946318001928326 25.438411951065063 2.200000000000001
4200 4200 0.894906769854646 26.24831485748291 2.200000000000001
4320 4320 0.8947631445882873 27.00221276283264 2.200000000000001
4440 4440 0.8949130749787888 27.853528022766113 2.2
4560 4560 0.8953705150332057 28.58418583869934 2.200000000000001
4680 4680 0.8951862439380438 29.334296941757202 2.2000000000000006
4800 4800 0.8947959450286986 30.104170083999634 2.2
4920 4920 0.8947942950733982 30.875743865966797 2.2000000000000015
5040 5040 0.8947796941166517 31.609975576400757 2.200000000000001
5160 5160 0.8947299572441789 32.32619762420654 2.200000000000001
5280 5280 0.8950255174550288 33.04677677154541 2.2000000000000015
5400 5400 0.8952570020934436 33.74819993972778 2.2000000000000006
5520 5520 0.8950885423851749 34.452449798583984 2.200000000000001
5640 5640 0.8948702147793954 35.17082977294922 2.200000000000001
5760 5760 0.8948175305697713 35.897233724594116 2.2000000000000006
5880 5880 0.8947282618326378 36.60407495498657 2.200000000000001
6000 6000 0.8947807089620383 37.311763763427734 2.2000000000000006
6120 6120 0.8950305891736932 38.02529263496399 2.200000000000001
6240 6240 0.8951601394606958 38.730788707733154 2.2000000000000006
6360 6360 0.8950569618531913 39.43642473220825 2.2
6480 6480 0.8949130789212466 40.1506826877594 2.200000000000001
6600 6600 0.8948090345763804 40.8556227684021 2.200000000000001
6720 6720 0.894743269134118 41.56092691421509 2.200000000000001
6840 6840 0.8948298267897093 42.26469922065735 2.2000000000000006
6960 6960 0.8950170609447913 42.971211433410645 2.2000000000000015
7080 7080 0.8951035264205921 43.674546241760254 2.2000000000000006
7200 7200 0.8950497809274114 44.37766718864441 2.2000000000000006
7320 7320 0.8949143811975644 45.085936307907104 2.2000000000000006
7440 7440 0.8948044427315283 45.78909635543823 2.2000000000000006
7560 7560 0.8947654745777363 46.49332141876221 2.2000000000000015
7680 7680 0.8948555794627424 47.19870734214783 2.200000000000001
7800 7800 0.8949848890321697 47.89922618865967 2.200000000000001
7920 7920 0.8950740099251319 48.609822273254395 2.2000000000000015
8040 8040 0.8950374349829437 49.314446210861206 2.2000000000000015
8160 8160 0.8949126287995682 50.018911361694336 2.2000000000000006
8280 8280 0.8948091001651173 50.72431421279907 2.200000000000001
8400 8400 0.8947919762077197 51.435174226760864 2.2000000000000015
8520 8520 0.8948621031191322 52.14195537567139 2.2000000000000006
8640 8640 0.894971974981353 52.840898275375366 2.2000000000000015
8760 8760 0.8950517199555235 53.542166233062744 2.2000000000000006
8880 8880 0.8950225212232105 54.24577713012695 2.2000000000000006
9000 9000 0.8949098178048571 54.95086121559143 2.2000000000000015
9120 9120 0.8948244932361838 55.655373334884644 2.2000000000000006
9240 9240 0.8948123806128139 56.35730171203613 2.2000000000000006
9360 9360 0.8948691090879546 57.06094574928284 2.2000000000000006
9480 9480 0.8949640123024067 57.76397466659546 2.2000000000000006
9600 9600 0.8950297922655173 58.468610763549805 2.200000000000001
9720 9720 0.8950060311573198 59.18831753730774 2.2000000000000015
9840 9840 0.8949036605259323 59.918617725372314 2.200000000000001
9960 9960 0.8948345434919692 60.63591146469116 2.200000000000001
10080 10080 0.8948243882144957 61.38340353965759 2.2000000000000006
10200 10200 0.8948724640426492 62.23169469833374 2.200000000000001
10320 10320 0.8949548606010431 62.95897960662842 2.2000000000000006
10440 10440 0.8950148327309011 63.66555857658386 2.2000000000000015
10560 10560 0.8949911720560183 64.40126585960388 2.2000000000000006
10680 10680 0.8949027173423261 65.13957595825195 2.200000000000001
10800 10800 0.8948460971464919 65.86567401885986 2.2000000000000015
10920 10920 0.8948375408249328 66.5958080291748 2.200000000000001
11040 11040 0.8948774505664856 67.45097875595093 2.2000000000000006
11160 11160 0.8949500356646768 68.15285968780518 2.200000000000001
11280 11280 0.895000407718611 68.85937976837158 2.200000000000001
11400 11400 0.8949781857876841 69.63565468788147 2.2000000000000015
11520 11520 0.8949033913469164 70.34294056892395 2.200000000000001
11640 11640 0.8948550019526543 71.05424642562866 2.2000000000000006
11760 11760 0.8948459803916969 71.7709481716156 2.200000000000001
11880 11880 0.8948818650726956 72.47983312606812 2.2
12000 12000 0.8949412606906177 73.18410325050354 2.200000000000001
