0 0 4.858140432098765 0.0209808349609375 11.0
60 120 0.11567808926319526 2.553412914276123 8.463140732467593
120 240 0.03998189474478453 4.979143381118774 3.3298983135733162
180 360 0.054924065307085934 7.347719669342041 2.990569569232399
240 480 0.05615452983430072 9.7252779006958 2.8929418596408096
300 600 0.03516376895051879 12.078687191009521 3.1573945146730757
360 720 0.06794238364638816 14.54328989982605 3.3902156244769786
420 840 0.03287383878105732 17.08927035331726 3.3209032674805368
480 960 0.036447977640098966 20.020200729370117 3.070715429617392
540 1080 0.08874066129315275 22.374248027801514 3.067076099724628
600 1200 0.06615359256720421 24.89041304588318 3.0767950960130923
660 1320 0.059823518030711176 27.38111448287964 3.080100387503243
720 1440 0.0417337427126456 29.820368766784668 3.079272734772341
780 1560 0.05849030682362008 32.22987174987793 3.0754634241689436
840 1680 0.08128233909699037 34.5971302986145 3.0648068755714952
900 1800 0.07680746119652307 37.00324726104736 3.0813435912713993
960 1920 0.06414083482155833 39.44978713989258 3.088895067518409
1020 2040 0.06194193767160994 41.9525785446167 3.0629398041471765
1080 2160 0.056347492223622564 44.77069687843323 3.1518186101861803
1140 2280 0.062302999180752314 47.40298581123352 3.084290118817207
1200 2400 0.062278064360895 50.19654631614685 3.0755563140300404
1260 2520 0.06613727692838531 53.00900983810425 3.080427185306297
1320 2640 0.041332986915491504 55.59985685348511 3.073639372118715
1380 2760 0.05994726574267592 58.129642963409424 3.0689467040723524
1440 2880 0.0580511972372158 60.58291411399841 3.080678022834659
1500 3000 0.03153388256998188 63.09056234359741 3.064187348662659
1560 3120 0.036094790662054815 65.51569390296936 3.063429331412931
1620 3240 0.055557382101483005 68.30853652954102 3.081175440121119
1680 3360 0.09315659581480801 70.96293210983276 3.086281984434733
1740 3480 0.04080124519221509 73.63146018981934 3.081106320764868
1800 3600 0.059298844838797604 76.48666644096375 3.1610995389400833
1860 3720 0.028123511910084553 79.05346632003784 3.080639979040118
1920 3840 0.06190031277421966 82.06341075897217 3.085400544207961
1980 3960 0.062254344137020634 84.58752369880676 3.0687926758110518
2040 4080 0.038230338709411976 87.14472246170044 3.248752360020233
2100 4200 0.05610216855792388 90.02193713188171 3.0895428633992723
2160 4320 0.03242924225945132 92.7160279750824 3.075059698710239
2220 4440 0.054301927896586666 95.40586447715759 3.1651623647922102
2280 4560 0.06354673639878447 98.05993461608887 3.0829961095583513
2340 4680 0.036322937902826646 100.7464804649353 3.2296195956960823
2400 4800 0.07153553838263274 103.49780750274658 3.0765911611690187
2460 4920 0.0750928324402276 106.18930244445801 3.1555245006883776
2520 5040 0.09601270858887283 108.8128228187561 3.0572583637760418
2580 5160 0.04675303816059398 111.51597309112549 3.3699873694804876
2640 5280 0.04913358826089692 114.28730082511902 3.0698538008537
2700 5400 0.036841804135387235 116.99296045303345 3.0784111518906876
2760 5520 0.06945952832127811 119.6301817893982 3.262902143652785
2820 5640 0.07391393328128175 122.30672836303711 3.078016832595713
2880 5760 0.07003312772003131 124.94069933891296 3.087225706714332
2940 5880 0.04126577375739171 127.73374128341675 3.3673455608787957
3000 6000 0.062074819067298226 130.51312637329102 3.1590621555963088
3060 6120 0.059387496143480906 133.24266386032104 3.0873424542291223
3120 6240 0.02985600873191155 136.11006140708923 3.085949062896453
3180 6360 0.052702062837980485 138.9430923461914 3.079494880188273
3240 6480 0.06215985146311473 141.73101496696472 3.0629047906659412
3300 6600 0.03536725622674308 144.43866205215454 3.081326692991464
3360 6720 0.035349553825236135 147.10330152511597 3.074403642390827
3420 6840 0.030167304918474053 149.87730932235718 3.079740247727091
3480 6960 0.04094224495131471 152.70134496688843 3.1956787926724677
3540 7080 0.07140658804930489 155.38628125190735 3.0733469338802415
3600 7200 0.03942681959039479 158.11257982254028 3.2652613116717384
3660 7320 0.034383813521473405 160.8544020652771 3.084344487999741
3720 7440 0.03035956096344075 163.6433072090149 3.080744742389605
3780 7560 0.038030093627541145 166.5086715221405 3.0839773067347815
3840 7680 0.03398667041795067 169.29942297935486 3.2269259736944647
3900 7800 0.061476083456164565 172.09249353408813 3.0730122365874086
3960 7920 0.032802333327481364 174.7894115447998 3.076743619054181
4020 8040 0.04245948470660241 177.52602005004883 3.3146715342685487
4080 8160 0.06032693783277576 180.19850707054138 3.070472075780006
4140 8280 0.039352849835020326 182.89507937431335 3.0612881040432516
4200 8400 0.060883580411186494 185.59160375595093 3.0798229804019503
4260 8520 0.054413037480629145 188.3515269756317 3.169728832057478
4320 8640 0.048309038341089044 191.03266143798828 3.0785927447213894
4380 8760 0.03361912429321656 193.77934217453003 3.407863880926145
4440 8880 0.06060762878706158 196.44813108444214 3.333573121785116
4500 9000 0.06306790078303928 199.17469453811646 3.073619238563638
4560 9120 0.040397642907363834 201.89611554145813 3.405245872888254
4620 9240 0.05590152348854882 204.55814337730408 3.0838639357139845
4680 9360 0.057910011730650024 207.30549240112305 3.074109764371341
4740 9480 0.07306904133818057 209.95352911949158 3.0787141914269394
4800 9600 0.051846491373567394 212.72007155418396 3.078921527994227
4860 9720 0.0543348403538339 215.38796639442444 3.077458691381237
4920 9840 0.06290844022308265 218.06855726242065 3.0757353513312022
4980 9960 0.03670074570544413 220.7512640953064 3.0826404382962727
5040 10080 0.061400713631061976 223.49548530578613 3.246218142834712
5100 10200 0.03131013275451633 226.22275567054749 3.075060310167792
5160 10320 0.040305621130197034 228.93085861206055 3.427087230486794
5220 10440 0.030774048076252197 231.4971673488617 3.0812664345839376
5280 10560 0.04680082616037928 234.15304613113403 3.0684476875503495
5340 10680 0.042599969320515796 236.89866995811462 3.081639616968097
5400 10800 0.056519371281431516 239.64180040359497 3.078975660334508
5460 10920 0.06111507621620338 242.2574064731598 3.073693727356377
5520 11040 0.039630390469892224 244.64334392547607 3.0794896849442255
5580 11160 0.0606303051017868 247.24473333358765 3.0770085367913236
5640 11280 0.03645689660369228 249.69059872627258 3.3309592556477923
5700 11400 0.0347603713302074 252.13899731636047 3.0835284217200964
5760 11520 0.0643119619431626 254.60551643371582 3.070978774166902
5820 11640 0.0630662670992436 257.0763850212097 3.069368754900956
5880 11760 0.06223135111364786 259.4945316314697 3.081841612422773
5940 11880 0.04969736462195973 261.90887117385864 3.0702680707853123
6000 12000 0.06306189056277695 264.32347202301025 3.0745936107420113
