0 0 4.858140432098765 0.031282901763916016 11.0
60 120 0.05565859198581119 2.223101854324341 4.909930894996199
120 240 0.023685194078757313 4.289750814437866 5.716344730862631
180 360 0.008357108495861076 6.382538795471191 3.6278746726991473
240 480 0.007965211558616833 8.46969985961914 2.909325366592194
300 600 0.006409917437918078 10.634052753448486 2.722560351968998
360 720 0.005410947190977886 12.751757621765137 2.5044758036978907
420 840 0.004795526256598667 14.790124654769897 2.2489564462012277
480 960 0.004699299089185122 16.842721462249756 1.9581425055087078
540 1080 0.004561179670738269 18.88103485107422 1.6024252705426512
600 1200 0.004434782567476758 20.90858268737793 1.7525787115438187
660 1320 0.004386119054612503 22.937999725341797 1.6546467537898042
720 1440 0.004276282095435541 24.977376461029053 1.844289157662435
780 1560 0.004282049436214325 27.01100730895996 1.827268747595152
840 1680 0.004298826717408832 29.061023235321045 1.828142901352725
900 1800 0.004198299018100954 31.096336603164673 1.805060872239292
960 1920 0.004187156457915453 33.13080549240112 1.8328222590883834
1020 2040 0.0041973708418973354 35.18191647529602 1.8699217512900064
1080 2160 0.004207107224753023 37.23998761177063 1.9300288611934342
1140 2280 0.004194790617551056 39.272226333618164 1.849723006915699
1200 2400 0.004170880048678785 41.31032633781433 1.6727891917824167
1260 2520 0.004164786495022457 43.66253209114075 1.727696766667731
1320 2640 0.004139999796906116 45.873425245285034 1.7591055566105582
1380 2760 0.0041228891999567086 47.983471393585205 1.4942097671486994
1440 2880 0.00414724056124538 50.17694139480591 1.4722203998682342
1500 3000 0.00415474859346128 52.21061611175537 1.4625144647967385
1560 3120 0.0041519057428395095 54.26212191581726 1.4798568435725097
1620 3240 0.004161170628830688 56.33485269546509 1.3515350955046805
1680 3360 0.004179936288273511 58.39031672477722 1.381639369306434
1740 3480 0.004152870508435297 60.41817355155945 1.3719903716697261
1800 3600 0.004169823746210957 62.498326778411865 1.2449238030677163
1860 3720 0.004161839076959051 64.55509066581726 1.2678335971119084
1920 3840 0.004157831160689102 66.58114075660706 1.2200109714565996
1980 3960 0.004158895949295943 68.63488698005676 1.1918079633408798
2040 4080 0.0041588824636334815 70.7127091884613 1.14112550293352
2100 4200 0.004167694273015984 72.783038854599 1.1461452150904878
2160 4320 0.004168109608998757 74.8481240272522 1.1244016400499346
2220 4440 0.004167597978249393 76.91784882545471 1.120465508457635
2280 4560 0.004180227352383936 78.96109390258789 1.1164442568374235
2340 4680 0.004180941470704511 81.02014803886414 1.1131689452153684
2400 4800 0.004182853055508806 83.08376812934875 1.109741195020201
2460 4920 0.004188245383696346 85.11860704421997 1.106115486674196
2520 5040 0.0041902139552927875 87.17891812324524 1.1027046905435323
2580 5160 0.004190496627554358 89.23951292037964 1.0993296096717409
2640 5280 0.004189518737355957 91.29413962364197 1.0955123980255221
2700 5400 0.004193119502200179 93.35321354866028 1.0918597506330352
2760 5520 0.00419638413423315 95.3935284614563 1.0883806851975708
2820 5640 0.0041970228554481515 97.44398665428162 1.084919847647104
2880 5760 0.004197653312199734 99.49734854698181 1.0817237472866712
2940 5880 0.004200549857170444 101.56455540657043 1.0777841516521558
3000 6000 0.004199476318511128 103.63432955741882 1.0748099361923087
3060 6120 0.004200410460595327 105.67696452140808 1.0713499486961846
3120 6240 0.004204003812363161 107.73677563667297 1.0682042783200516
3180 6360 0.004206389464793417 109.80990958213806 1.0647953083497563
3240 6480 0.004199667211417332 111.87512135505676 1.061394544794085
3300 6600 0.004204997483921585 114.00728344917297 1.0580129249184773
3360 6720 0.004204925328550421 116.0789225101471 1.0546988172508915
3420 6840 0.0042065755911073754 118.13994646072388 1.051459283372291
3480 6960 0.004205595200168777 120.19567537307739 1.048437221353017
3540 7080 0.004207670412943135 122.25702404975891 1.0449008168648912
3600 7200 0.004211254354281352 124.31385922431946 1.0418523402138555
3660 7320 0.004206990629721213 126.37050032615662 1.0387254581531122
3720 7440 0.004210325741458382 128.43288731575012 1.035737342561782
3780 7560 0.004210506019793683 130.49583554267883 1.0325496248243433
3840 7680 0.004208861835754932 132.55226159095764 1.0293123841583296
3900 7800 0.004209951040916052 134.63349771499634 1.0263249842462683
3960 7920 0.0042104016741147665 136.6985468864441 1.0230487732364137
4020 8040 0.004210232216074056 138.76527166366577 1.0201214443223476
4080 8160 0.0042105758247309305 140.83889079093933 1.0170329486982292
4140 8280 0.004210729632109403 142.91102981567383 1.0141676180527968
4200 8400 0.004213364629444841 144.99458765983582 1.0109893775285612
4260 8520 0.00421091233978943 147.06033444404602 1.0080431700948338
4320 8640 0.00421084553699852 149.1240725517273 1.0051536142460897
4380 8760 0.004211286606948639 151.19555854797363 1.0021251876838446
4440 8880 0.004212401358278883 153.26296067237854 0.9992640048178999
4500 9000 0.004210710497812506 155.32925868034363 0.9963309526778186
4560 9120 0.004209126158390544 157.40804266929626 0.9933843120540401
4620 9240 0.0042123039694801495 159.46901154518127 0.9903460406846593
4680 9360 0.004212397707341012 161.53119373321533 0.9874026948530095
4740 9480 0.004214180865124678 163.5954966545105 0.984624675338265
4800 9600 0.0042151736388738315 165.65854382514954 0.9818423801384946
4860 9720 0.004216444724315413 167.72332668304443 0.9790169243130351
4920 9840 0.004213524002404337 169.80337762832642 0.9762870132850278
4980 9960 0.004215120455736521 171.87298965454102 0.9732779871836764
5040 10080 0.004218455460595863 173.95134162902832 0.9705802934322659
5100 10200 0.00421786743575886 176.0399775505066 0.9678168310059234
5160 10320 0.0042178378120367455 178.12027549743652 0.9649891408320339
5220 10440 0.0042176022569395955 180.19952249526978 0.9623354303030686
5280 10560 0.0042173366212551605 182.26409935951233 0.959535618258334
5340 10680 0.004218105336672856 184.38726019859314 0.9568025052083122
5400 10800 0.004219806929970982 186.4868142604828 0.9540966117132685
5460 10920 0.004219295533777673 188.6270251274109 0.9514023009489506
5520 11040 0.004220930698801625 190.7997453212738 0.9487489974416438
5580 11160 0.0042201520764703765 192.90926432609558 0.9461501386796002
5640 11280 0.004220670180515793 195.010347366333 0.9434408837517335
5700 11400 0.00422050251098649 197.13199543952942 0.9407908562730664
5760 11520 0.004221744022598617 199.24599957466125 0.9381129396244056
5820 11640 0.004222691672652754 201.3687105178833 0.935502036233938
5880 11760 0.004220961182058683 203.4513807296753 0.9328717843474158
5940 11880 0.00422246824344788 205.61370205879211 0.9302926515419635
6000 12000 0.0042230109811454974 207.6886203289032 0.9277327794095794
