0 0 0.9166666666666666 0.0004553794860839844 1.5
6 6 0.23185432875119444 0.0024890899658203125 0.36641195918991865
12 12 0.07993155089700042 0.004604339599609375 0.2860552247122812
18 18 0.066517297133756 0.006734371185302734 0.1095643497232045
24 24 0.06787597991396076 0.008867979049682617 0.154222468010955
30 30 0.028520103932081625 0.011134147644042969 0.10157080435261584
36 36 0.04817333104380436 0.013094186782836914 0.10420102097320948
42 42 0.05289510052755754 0.015107154846191406 0.09103669985141516
48 48 0.018710194483465406 0.01711106300354004 0.027949454626211463
54 54 0.028780030388764463 0.019072532653808594 0.09186202964100795
60 60 0.017687531918918614 0.021323442459106445 0.05019682531557641
66 66 0.025464959962885073 0.023328304290771484 0.06321921285593518
72 72 0.028629940576971116 0.02530670166015625 0.04681764937604499
78 78 0.009923294716716255 0.027387619018554688 0.01906062350071588
84 84 0.018333160780840962 0.029384374618530273 0.03635415105479101
90 90 0.006579465530940229 0.031641244888305664 0.024213218462206247
96 96 0.012871859020393561 0.03360176086425781 0.0405456588161233
102 102 0.014184611365192737 0.035658836364746094 0.02043423608013345
108 108 0.008020572323446565 0.038054704666137695 0.01098616284300061
114 114 0.009285869526908366 0.04041123390197754 0.015184054945438785
120 120 0.004183644286113217 0.042577505111694336 0.007668064718950181
126 126 0.004863417099668962 0.04461026191711426 0.0179110650743783
132 132 0.004561196666933734 0.0469059944152832 0.007950358106363076
138 138 0.004850617982051511 0.04902219772338867 0.010405147732848202
144 144 0.004588040127043974 0.05096745491027832 0.007134466265488026
150 150 0.0020865472163118515 0.053494930267333984 0.0034460625555489273
156 156 0.0029340573975831785 0.05560588836669922 0.003718009328390004
162 162 0.0016741927738860019 0.057555437088012695 0.0030000000000000716
168 168 0.0019772768125128626 0.05950188636779785 0.004975798631253837
174 174 0.0016179003154878913 0.061486005783081055 0.003000000000000099
180 180 0.0019556072326857854 0.06371688842773438 0.0032968223317751
186 186 0.0017919665014037578 0.06582379341125488 0.0030000000000001323
192 192 0.0013486595472224083 0.06796574592590332 0.0030000000000000655
198 198 0.0014126925937410495 0.06992292404174805 0.0030000000000000113
204 204 0.0011288523297721398 0.07188844680786133 0.0030000000000000608
210 210 0.0012616047227657357 0.07406282424926758 0.0029999999999999923
216 216 0.0011127754347390328 0.07599759101867676 0.003000000000000046
222 222 0.001267289784803699 0.07798647880554199 0.0030000000000000573
228 228 0.001073139663729017 0.08002662658691406 0.0029999999999999276
234 234 0.0009530687477067867 0.08216547966003418 0.0030000000000000465
240 240 0.0009553812530258832 0.08433222770690918 0.0030000000000000703
246 246 0.0008584346390630992 0.0864410400390625 0.0030000000000001427
252 252 0.0009528705551872241 0.08856916427612305 0.002999999999999976
258 258 0.0008910744565405748 0.09055876731872559 0.00300000000000011
264 264 0.0008848651888415382 0.0925130844116211 0.0030000000000001046
270 270 0.0008709802061917793 0.09468460083007812 0.003000000000000043
276 276 0.000820168893424067 0.0966639518737793 0.0030000000000001193
282 282 0.0008564707866714483 0.09875106811523438 0.003000000000000068
288 288 0.000783817614463389 0.1007072925567627 0.0030000000000001883
294 294 0.0008644726788208379 0.1026451587677002 0.002999999999999997
300 300 0.0008131574407412301 0.10503363609313965 0.003000000000000217
306 306 0.0008310103597174434 0.10700559616088867 0.003000000000000155
312 312 0.0008386951050752822 0.10895156860351562 0.0029999999999999584
318 318 0.0008193381367855024 0.11090683937072754 0.003000000000000014
324 324 0.0008321418266535874 0.11305689811706543 0.003000000000000037
330 330 0.0007982562098804435 0.11556863784790039 0.0030000000000001536
336 336 0.0008122657107242359 0.11750364303588867 0.003000000000000037
342 342 0.0008192868800362685 0.12001347541809082 0.003000000000000079
348 348 0.0008361035386532101 0.12212109565734863 0.0030000000000001965
354 354 0.0008238885012068764 0.12421679496765137 0.002999999999999969
360 360 0.0008222009476343828 0.12639141082763672 0.003000000000000104
366 366 0.0008083793449210619 0.12837862968444824 0.002999999999999965
372 372 0.0008250225693426927 0.1307973861694336 0.0030000000000001657
378 378 0.000845728254473932 0.13290715217590332 0.0030000000000000642
384 384 0.0008217443578228956 0.13498544692993164 0.003000000000000201
390 390 0.0008292477802942788 0.13716912269592285 0.0029999999999999775
396 396 0.0008038132202516091 0.13916730880737305 0.0030000000000000304
402 402 0.0008398751463722376 0.14118480682373047 0.003000000000000118
408 408 0.000851886426435966 0.14312505722045898 0.003000000000000127
414 414 0.0008350816685298579 0.14511418342590332 0.0029999999999999953
420 420 0.0008319512700639964 0.14751410484313965 0.0029999999999999654
426 426 0.0008059435407639648 0.1495528221130371 0.003000000000000171
432 432 0.0008523637108850124 0.15152573585510254 0.0029999999999999576
438 438 0.0008613150881173204 0.15347957611083984 0.0029999999999999454
444 444 0.0008444778882061577 0.15541434288024902 0.0030000000000000456
450 450 0.0008383567128168457 0.15761113166809082 0.0030000000000000365
456 456 0.0008108474510735708 0.1595451831817627 0.003000000000000058
462 462 0.0008635395559449255 0.1614823341369629 0.0029999999999999758
468 468 0.0008750163790129384 0.16352248191833496 0.0030000000000000816
474 474 0.0008530564242410221 0.16569018363952637 0.0030000000000000642
480 480 0.0008470576065017499 0.16793441772460938 0.0030000000000000903
486 486 0.000814750815250953 0.170121431350708 0.002999999999999961
492 492 0.0008774037828833126 0.17206096649169922 0.0030000000000000486
498 498 0.0008906329509225097 0.1740431785583496 0.0030000000000000872
504 504 0.0008638278807198974 0.17598414421081543 0.003000000000000042
510 510 0.0010394534412548895 0.17836213111877441 0.0029999999999999814
516 516 0.0007480438123564359 0.18057703971862793 0.003000000000000176
522 522 0.0009237017008043302 0.18268251419067383 0.0030000000000000794
528 528 0.000734837421875828 0.18481135368347168 0.003000000000000083
534 534 0.0008231612892874995 0.18697071075439453 0.002999999999999992
540 540 0.0007011356357451426 0.18941330909729004 0.002999999999999991
546 546 0.0008154706331876538 0.19138360023498535 0.0030000000000001094
552 552 0.0006727514889150465 0.19347572326660156 0.003000000000000099
558 558 0.0007748287517003183 0.1954939365386963 0.0030000000000000473
564 564 0.0006738195819957771 0.19748616218566895 0.0029999999999999515
570 570 0.0007457701940396522 0.1996932029724121 0.0029999999999999463
576 576 0.0006681510330038831 0.20202302932739258 0.0030000000000000213
582 582 0.0007326267236376638 0.20414304733276367 0.003000000000000072
588 588 0.0006677000068282535 0.20610356330871582 0.002999999999999971
594 594 0.0007143898114184699 0.20809173583984375 0.003000000000000069
600 600 0.0006647682657574816 0.21026873588562012 0.002999999999999927
