0 0 0.9166666666666666 0.0022420883178710938 1.5
3 6 0.21342465977671243 0.004888057708740234 1.4179338374291117
6 12 0.10591074207047912 0.007364034652709961 0.256822424831593
9 18 0.11603468431450667 0.010188102722167969 0.2640284342364461
12 24 0.05476212830421509 0.013707160949707031 0.09451706136545641
15 30 0.05201406417559859 0.0168001651763916 0.0893670776864022
18 36 0.03394585149561602 0.01989603042602539 0.057131625601351835
21 42 0.0324401897949627 0.023102283477783203 0.06848680706330687
24 48 0.027525239044363645 0.026066303253173828 0.04929779274977072
27 54 0.023704022869687702 0.02825450897216797 0.052664246553300036
30 60 0.015623993861397137 0.030329465866088867 0.0321351527187874
33 66 0.017539516018247325 0.032540321350097656 0.05096037018906934
36 72 0.014905183511640885 0.03471946716308594 0.04013400613311672
39 78 0.01705900668986976 0.0369265079498291 0.03870933075459391
42 84 0.011510618077723883 0.0393064022064209 0.02261941174704399
45 90 0.019562563606019517 0.04169058799743652 0.035866396313714445
48 96 0.013608178108909227 0.04547858238220215 0.021850131362865413
51 102 0.012779923608604749 0.048714399337768555 0.02617029679710336
54 108 0.011928256082203603 0.052224159240722656 0.029110010598677554
57 114 0.006336144152230994 0.054717063903808594 0.018869732261140804
60 120 0.012119369957707904 0.05808091163635254 0.029571829070475546
63 126 0.011034217812046582 0.06081199645996094 0.015357946009538588
66 132 0.010849961522964496 0.0629889965057373 0.018873612242422892
69 138 0.008357248046072477 0.06522989273071289 0.02142782072563509
72 144 0.007694630783496664 0.06747984886169434 0.013249624926804818
75 150 0.010097978133054228 0.06988883018493652 0.01948383705215152
78 156 0.007693800197385706 0.0721287727355957 0.018421909189373156
81 162 0.006645540114813803 0.07432365417480469 0.020277335400812967
84 168 0.008369480573731908 0.0766756534576416 0.01829297524222813
87 174 0.007461099548490793 0.07890152931213379 0.014057072538886446
90 180 0.0066208559526650945 0.08118534088134766 0.012146895946642257
93 186 0.009074543753933753 0.08351445198059082 0.018455368497552808
96 192 0.007003594805759725 0.08560657501220703 0.009784184400607354
99 198 0.00691635566325291 0.08774256706237793 0.015040829905921621
102 204 0.00691192428803547 0.08990859985351562 0.015972799489772822
105 210 0.005815920251341311 0.09206175804138184 0.00958082230422774
108 216 0.006000570136470915 0.09415888786315918 0.010248282783864662
111 222 0.006498438443498483 0.09639573097229004 0.015234232242378696
114 228 0.005753552605715737 0.09835553169250488 0.010236937493704199
117 234 0.006691466104508853 0.10045862197875977 0.01107737850333462
120 240 0.005068538401580641 0.10242986679077148 0.012822817817438917
123 246 0.005725056782890273 0.10446286201477051 0.008245667045853671
126 252 0.004887595036187561 0.10643482208251953 0.00910309272496447
129 258 0.0053409355471207565 0.10854578018188477 0.013419833199109724
132 264 0.005147225691559634 0.1104888916015625 0.008709983433477564
135 270 0.005299809561759031 0.11256766319274902 0.011195389635210754
138 276 0.005487698012162812 0.1146078109741211 0.011079535161874708
141 282 0.004992798262300133 0.11646175384521484 0.008681637792943557
144 288 0.004009053042366484 0.11829757690429688 0.008061353426908991
147 294 0.00551454554750723 0.12023234367370605 0.01090701285869914
150 300 0.004280054831796137 0.12207627296447754 0.009075987059744753
153 306 0.0037271589873564687 0.1239323616027832 0.011166545925073414
156 312 0.005007452944931476 0.12576842308044434 0.008669632576028301
159 318 0.004685185203898698 0.127610445022583 0.01026059327543571
162 324 0.003709783405620129 0.129439115524292 0.007068822007696468
165 330 0.004764084632409141 0.13128089904785156 0.0064646289961797325
168 336 0.004682411981012755 0.13313794136047363 0.010017895992038079
171 342 0.004070688065306874 0.13495492935180664 0.0061078215954043944
174 348 0.003942579310785288 0.13678312301635742 0.00972317086063269
177 354 0.004599776455942534 0.13860392570495605 0.008970366400191263
180 360 0.004139234133939018 0.14041471481323242 0.00848640520386963
183 366 0.002864359087891344 0.14225077629089355 0.007021204743533314
186 372 0.004247322563801281 0.14408278465270996 0.0073465107079380785
189 378 0.004070585075430858 0.14595961570739746 0.00828922095901679
192 384 0.0037052342721406034 0.14779448509216309 0.006386924961326693
195 390 0.004103263518150407 0.1496427059173584 0.007741427149800717
198 396 0.003966643234527334 0.15148043632507324 0.008023234792538558
201 402 0.003911547687458911 0.15331339836120605 0.0072060755443136984
204 408 0.0025632197637782406 0.15514922142028809 0.0063980206831381415
207 414 0.0038682122790046763 0.15697622299194336 0.006662766184368476
210 420 0.0034428597971532388 0.15902924537658691 0.007181315409316692
213 426 0.0033015568608697754 0.16107606887817383 0.005907583541407627
216 432 0.003824414926666589 0.16309094429016113 0.006453980501139083
219 438 0.0032476292733281814 0.1649770736694336 0.006865022236992957
222 444 0.0036998191118435275 0.16707706451416016 0.006510374414421108
225 450 0.002655978066131437 0.1691758632659912 0.005557254765796791
228 456 0.003555354190952306 0.17127299308776855 0.005208264175900173
231 462 0.003044450812743793 0.1732931137084961 0.006767390838011488
234 468 0.0033173369131086483 0.1754608154296875 0.005191465910289221
237 474 0.003226484587922171 0.1774287223815918 0.0062456595374425945
240 480 0.003539339795617963 0.17958569526672363 0.005872047109454249
243 486 0.0032468284616547494 0.1817777156829834 0.00617313514265674
246 492 0.0030632566803130423 0.18372464179992676 0.004550705110105915
249 498 0.0028792569585371214 0.18575072288513184 0.004835316651494487
252 504 0.003163513601987855 0.1880347728729248 0.006364146461432664
255 510 0.002842556298885024 0.1900627613067627 0.004148064986434955
258 516 0.002696249243256968 0.19200468063354492 0.006569189595552132
261 522 0.0034016256069966527 0.19414663314819336 0.004818790531737966
264 528 0.0029308052586276973 0.19606971740722656 0.006131863922386581
267 534 0.0029873198712817017 0.19799065589904785 0.004117790474006483
270 540 0.002405083489707402 0.20014452934265137 0.00466509457041116
273 546 0.003089841411504368 0.20211529731750488 0.005026910479174578
276 552 0.0024220682902847818 0.2040543556213379 0.005406888682567505
279 558 0.002552368263450275 0.2060551643371582 0.005265585610628335
282 564 0.0028772597731306915 0.20790743827819824 0.006151595637645502
285 570 0.002966509035886203 0.20998740196228027 0.005664930973097482
288 576 0.0028554945427204936 0.21248531341552734 0.005491653361598299
291 582 0.002529174064029832 0.21471524238586426 0.004254024632924586
294 588 0.0027365046655813685 0.21693897247314453 0.004119310422050383
297 594 0.0029760393711346783 0.21919608116149902 0.005273166014820519
300 600 0.002351752822191855 0.22132420539855957 0.004120898767655789
