0 0 0.41382555240480556 0.11038374900817871 0.7955435406037461
2 6 0.1561951271358042 0.11249613761901855 0.1775371916696381
4 12 0.08007533480644116 0.11437869071960449 0.16409808411543642
6 18 0.06063110862613019 0.11626243591308594 0.08116942510183163
8 24 0.04168044359327072 0.11818885803222656 0.09815732145140445
10 30 0.05460431887612009 0.12006640434265137 0.0768989940482998
12 36 0.03899796391801841 0.12194061279296875 0.07682120354742232
14 42 0.04650548475231375 0.12385964393615723 0.07363955706133142
16 48 0.03356653443121849 0.12577033042907715 0.043078243297156545
18 54 0.0253356425268568 0.1277790069580078 0.05164572646672631
20 60 0.027424345887119922 0.1298060417175293 0.04163079854384391
22 66 0.01650011865257929 0.1322333812713623 0.038280937500690004
24 72 0.01749997320206101 0.13410735130310059 0.02171506532470719
26 78 0.018147183374216197 0.13599300384521484 0.04094815687564455
28 84 0.021907282789308993 0.13788461685180664 0.024247838030165763
30 90 0.010846730150989803 0.13975858688354492 0.018807530431355454
32 96 0.014497629658138056 0.14165496826171875 0.016264229829682543
34 102 0.02433731331635461 0.14392733573913574 0.02791937119527424
36 108 0.009723887844298687 0.14589977264404297 0.0190420647880773
38 114 0.012823800990669834 0.14813470840454102 0.027527929924629945
40 120 0.014632923040171025 0.14999985694885254 0.020152656267938298
42 126 0.006432862116088581 0.1518871784210205 0.00990976615494798
44 132 0.009930215836449444 0.15378499031066895 0.0151544534535871
46 138 0.01351819274861861 0.15566682815551758 0.026950878676703604
48 144 0.004788043020023669 0.1575460433959961 0.0038469263464059322
50 150 0.0061125141006388856 0.15943646430969238 0.0092589096753577
52 156 0.008029131777618104 0.16162705421447754 0.011448101201670006
54 162 0.010447689079834982 0.16353559494018555 0.01609540662912103
56 168 0.007191104089336764 0.1654345989227295 0.015009750078592746
58 174 0.008290964402159304 0.16729307174682617 0.017427585485477484
60 180 0.009503490691052247 0.1691737174987793 0.013800307457681472
62 186 0.005575089779257289 0.1710808277130127 0.0077820058825254345
64 192 0.0069683312763950955 0.17296266555786133 0.010109212410933188
66 198 0.008087129097131412 0.17483973503112793 0.01202909903603803
68 204 0.006392064434632291 0.17673134803771973 0.009088605189800028
70 210 0.006004506200614976 0.17860960960388184 0.010550240632822823
72 216 0.005385485668202072 0.18051719665527344 0.004749478057053613
74 222 0.008674109532184254 0.1823737621307373 0.015151555270240771
76 228 0.00643016796851241 0.18439817428588867 0.012568091903487944
78 234 0.009756159772838613 0.18628764152526855 0.018756672443383138
80 240 0.006935610782897103 0.1882798671722412 0.009052766264482533
82 246 0.008452346690094273 0.19016051292419434 0.016922363661740356
84 252 0.005834436787408123 0.19204139709472656 0.012684060362866036
86 258 0.004187585195948806 0.19427061080932617 0.007234251090358049
88 264 0.007170426346152406 0.1962747573852539 0.009468909776269551
90 270 0.00383312827961263 0.19834160804748535 0.005137202904243326
92 276 0.005336199409687006 0.20029664039611816 0.007236394189677525
94 282 0.0076147580171209844 0.20212268829345703 0.010474462186219932
96 288 0.005534638216124627 0.20398187637329102 0.005366775906243501
98 294 0.004807941879958186 0.20592021942138672 0.010623612949726725
100 300 0.0054760452866246395 0.2077786922454834 0.0061335469131860425
102 306 0.005408736950545404 0.2096271514892578 0.010402724734219455
104 312 0.004548135629708072 0.21152758598327637 0.005785232993534382
106 318 0.004129914403045595 0.21343684196472168 0.009295317540554984
108 324 0.005362777481923223 0.2152996063232422 0.006281986071085312
110 330 0.00617845909528579 0.21721243858337402 0.00962347351391201
112 336 0.002919124227589359 0.2192089557647705 0.003967342013808926
114 342 0.005349951927743138 0.2210698127746582 0.008900956036545494
116 348 0.004634546162100808 0.2229621410369873 0.007172074695029777
118 354 0.0037646483086010707 0.22484183311462402 0.006506745505053498
120 360 0.0033955463117239376 0.22670817375183105 0.0036922897054580597
122 366 0.005019753031811236 0.22859835624694824 0.00918610068489256
124 372 0.003449834882416597 0.23063087463378906 0.007326282150000256
126 378 0.006050787063860613 0.23247146606445312 0.011654635671836038
128 384 0.005237521174882839 0.23435497283935547 0.005760763199854579
130 390 0.006593911537634736 0.2364027500152588 0.01075876158829768
132 396 0.004521997071445891 0.2383100986480713 0.007833797326404735
134 402 0.003559742200228741 0.2402045726776123 0.006871817156492557
136 408 0.003791758163367867 0.2420802116394043 0.003690231764049419
138 414 0.004112516609832764 0.24395179748535156 0.008315189932453431
140 420 0.0027177389463282214 0.24584650993347168 0.0036902919121578996
142 426 0.004337321422759874 0.24793004989624023 0.008617672608508735
144 432 0.0041056589858854825 0.25010156631469727 0.008195552074447512
146 438 0.003993664621280035 0.2522752285003662 0.0056203484283260455
148 444 0.0033702664642512314 0.25433993339538574 0.006792277185282678
150 450 0.0029701398358722986 0.2562434673309326 0.006349994675925013
152 456 0.00232117399037321 0.2581491470336914 0.0037330553456684404
154 462 0.0036460778546573286 0.26001906394958496 0.007428515063586015
156 468 0.0031659219776926373 0.261995792388916 0.003722132143499455
158 474 0.0032247416332385204 0.26403117179870605 0.006933354506148932
160 480 0.005168280611052012 0.2661094665527344 0.004868979538048492
162 486 0.0029721857472750635 0.26796531677246094 0.0042029186013454204
164 492 0.0027960053877913865 0.2699437141418457 0.0036964161492918798
166 498 0.0038625600710479324 0.27205681800842285 0.0064984635365575374
168 504 0.002750284561427896 0.27394771575927734 0.003720915442546984
170 510 0.004069108845072389 0.27585649490356445 0.00704014743101472
172 516 0.003118567090960686 0.27773284912109375 0.005978404216560274
174 522 0.003057220086152057 0.27973484992980957 0.006408379197913495
176 528 0.0030365859148652335 0.28163838386535645 0.0036981451177112916
178 534 0.003851496926307152 0.28362584114074707 0.008004458657467288
180 540 0.00249443906761726 0.28562259674072266 0.004048502364867225
182 546 0.0023811279581309186 0.28768086433410645 0.00410535654569789
184 552 0.0029975291557808453 0.29009509086608887 0.0036817091605959493
186 558 0.0034794282576171842 0.2921178340911865 0.005512187553452672
188 564 0.002419598795895081 0.2940523624420166 0.0052391186998282475
190 570 0.004459806009202982 0.295961856842041 0.007828769546859493
192 576 0.002810635301476183 0.29810476303100586 0.00435407482833803
194 582 0.003487266522545218 0.30065417289733887 0.006156605371441819
196 588 0.004545780601357602 0.3029592037200928 0.005648711116523476
198 594 0.0032577419022659926 0.30559325218200684 0.0038768368500547734
200 600 0.0014436315035868258 0.3074929714202881 0.003691143915771391
