0 0 0.9166666666666666 0.0009799003601074219 1.5
3 6 0.2134118417919999 0.003136873245239258 1.499999999999913
6 12 0.10519858239705249 0.005150794982910156 0.25734057357306656
9 18 0.1156507986067484 0.007156848907470703 0.2647399853785408
12 24 0.05415243640222872 0.00915384292602539 0.0937770753351445
15 30 0.05109252490026592 0.011146783828735352 0.08878346855785343
18 36 0.03316353160832421 0.013162851333618164 0.05725902708685659
21 42 0.03172609502676611 0.015280008316040039 0.06931374610449546
24 48 0.026463125275781332 0.01731395721435547 0.048222888485725535
27 54 0.022951860303036656 0.019395828247070312 0.05254758646159649
30 60 0.01453026199352224 0.021414756774902344 0.03197557806636205
33 66 0.017284957477129964 0.023418664932250977 0.05143932970708407
36 72 0.01432345971677293 0.02536773681640625 0.039339426906042946
39 78 0.01659241608213831 0.027310848236083984 0.038044633776135386
42 84 0.010807328881485431 0.02931380271911621 0.021876240187065958
45 90 0.018908271712362743 0.03125762939453125 0.03578557859958853
48 96 0.012858967640919261 0.03319549560546875 0.02317818772830089
51 102 0.011542884145268897 0.03513836860656738 0.026530254141430686
54 108 0.01109077798985908 0.037110328674316406 0.0291205259482047
57 114 0.006096785574512362 0.03906726837158203 0.018526656111976774
60 120 0.011752653423094964 0.041741371154785156 0.02956287111235623
63 126 0.010690098447122029 0.04382634162902832 0.015509826708700445
66 132 0.010113746327675727 0.04584169387817383 0.018714107842307377
69 138 0.007026280847806793 0.04793262481689453 0.021248669736829304
72 144 0.007748179862027249 0.04994964599609375 0.01273173280536549
75 150 0.009413360265843135 0.05200767517089844 0.01949566943386663
78 156 0.006788894195760495 0.05405473709106445 0.019264711557930712
81 162 0.005731424714951638 0.05626869201660156 0.019564217721861652
84 168 0.008087406569854155 0.05834650993347168 0.01742064576865005
87 174 0.0065649227916460134 0.06039142608642578 0.014061579411388542
90 180 0.005566344178926139 0.06269145011901855 0.011771874063903431
93 186 0.008370552101066062 0.06471443176269531 0.018896041534352124
96 192 0.006399010484890777 0.06672334671020508 0.010774877202429223
99 198 0.0055798220321547215 0.06867432594299316 0.015544415697889117
102 204 0.006278702707525646 0.07061433792114258 0.01586304836065908
105 210 0.005351855253666479 0.07256937026977539 0.009840280879153918
108 216 0.00553682940306352 0.07446455955505371 0.010014686283413331
111 222 0.006786918199878936 0.07632780075073242 0.015790868064841646
114 228 0.0056328001620691015 0.07826662063598633 0.008726762890295182
117 234 0.00561543034199781 0.08014154434204102 0.011719907804559173
120 240 0.005190379654192445 0.08205056190490723 0.012785026738180615
123 246 0.005151760596586549 0.08389139175415039 0.009084151255230379
126 252 0.004303687718460236 0.08575844764709473 0.009101381406479356
129 258 0.005256259628009491 0.08760643005371094 0.013727406321013583
132 264 0.005211147097855945 0.08945322036743164 0.007919525615570848
135 270 0.00432857244724226 0.09137630462646484 0.010408061544697316
138 276 0.004734364018274512 0.09322452545166016 0.010036037386468114
141 282 0.0046268864874927235 0.09519648551940918 0.009435739081682472
144 288 0.0029830761343884182 0.0970923900604248 0.007855333813908995
147 294 0.004896738936424033 0.09897136688232422 0.010794504651614892
150 300 0.003729803055982195 0.1008303165435791 0.010154937719598708
153 306 0.0034915363712737513 0.10270833969116211 0.00988726538564359
156 312 0.004574521141716206 0.10460519790649414 0.007148535087038702
159 318 0.003633790284939542 0.1064748764038086 0.009706049220478375
162 324 0.00356088773662519 0.10834789276123047 0.005809783493062771
165 330 0.00387872884447496 0.11021876335144043 0.006648651694859957
168 336 0.0040405685326389135 0.1120920181274414 0.010594437722219581
171 342 0.003414432049709412 0.11393189430236816 0.006882618319186783
174 348 0.0030124958967730764 0.11584877967834473 0.009588109337423123
177 354 0.0038385227087215645 0.11769366264343262 0.008013992309712711
180 360 0.0035220350911734227 0.11952877044677734 0.008469207807403786
183 366 0.002600764990503046 0.12136650085449219 0.006068035041704108
186 372 0.003943077729300665 0.12322258949279785 0.006319685697819557
189 378 0.0035890168428725916 0.12507963180541992 0.009424252544027185
192 384 0.0032123300817581135 0.12692046165466309 0.0053483961280119206
195 390 0.0028028920726022033 0.12879276275634766 0.008596017842311522
198 396 0.0034716008690093697 0.13068246841430664 0.007546020129229302
201 402 0.0031745831252755208 0.13253068923950195 0.007734999074513496
204 408 0.0021633789781258655 0.1344916820526123 0.0057467124624135954
207 414 0.0032976593722381514 0.13634490966796875 0.00579109063777596
210 420 0.003483590873758255 0.13819622993469238 0.008471352463124705
213 426 0.0028983461973280944 0.140031099319458 0.005168451210237585
216 432 0.002467430426114789 0.14190006256103516 0.007510166812227003
219 438 0.0032823130926053212 0.14375901222229004 0.00629617344109335
222 444 0.0028013118257912695 0.14560723304748535 0.00739662065412555
225 450 0.002265604930375975 0.14751100540161133 0.005017772863219037
228 456 0.002743854980289534 0.14939022064208984 0.005063592997912069
231 462 0.003396056653223775 0.15124988555908203 0.0076082298570690635
234 468 0.0027525941000828835 0.15311789512634277 0.0057237762627891575
237 474 0.002360882333580089 0.15514087677001953 0.0062279448990329705
240 480 0.0027128083374939743 0.15744400024414062 0.005374307780145401
243 486 0.002442420087131525 0.1593921184539795 0.0068226358826844104
246 492 0.002371741361020599 0.16136503219604492 0.004728531783935265
249 498 0.0018502271441491053 0.16353607177734375 0.005058124811255187
252 504 0.002867512415746676 0.16555047035217285 0.00618733561448287
255 510 0.0026069322761511082 0.16750550270080566 0.00632425198061538
258 516 0.002434716056107303 0.16960859298706055 0.004418016443198956
261 522 0.0024220895043047252 0.1715686321258545 0.00555636019807987
264 528 0.00256555867704239 0.17349743843078613 0.005401698546955898
267 534 0.002462687713945061 0.17563366889953613 0.005784757920138972
270 540 0.0018874300272170852 0.1776115894317627 0.00427777284257651
273 546 0.002243315010062044 0.1795334815979004 0.004230684301927789
276 552 0.002532194199766094 0.18176651000976562 0.0061231167136279
279 558 0.002449796390678327 0.18381237983703613 0.004680670717328051
282 564 0.0018734015967250134 0.1856844425201416 0.004655545876252038
285 570 0.0022834101209289887 0.1877915859222412 0.0043347472461700304
288 576 0.0021879772374541057 0.18967938423156738 0.005301374376007084
291 582 0.0023765395944082696 0.19166851043701172 0.004603576806692106
294 588 0.0014576856217239642 0.19380784034729004 0.004163948322322175
297 594 0.002272667979232715 0.19568109512329102 0.004069265335847565
300 600 0.002187355832258986 0.197645902633667 0.005496636281003317
