0 0 0.9166666666666666 0.0004849433898925781 1.5
6 6 0.22854257783958692 0.00432276725769043 0.29999999999999993
12 12 0.14747973098643224 0.006318807601928711 0.29999999999999993
18 18 0.13806189764314053 0.008769512176513672 0.3
24 24 0.11526999739785154 0.01102304458618164 0.3
30 30 0.1187174112031304 0.013932466506958008 0.3
36 36 0.11973595189144065 0.015960216522216797 0.3
42 42 0.1146669453976703 0.018076181411743164 0.30000000000000004
48 48 0.11582989627023682 0.020394563674926758 0.3000000000000001
54 54 0.11395314477188945 0.02263021469116211 0.30000000000000004
60 60 0.11413168978531163 0.02491927146911621 0.29999999999999993
66 66 0.11606512578245998 0.027028322219848633 0.3
72 72 0.111087500027017 0.029109716415405273 0.29999999999999993
78 78 0.11395954319177337 0.031150102615356445 0.30000000000000004
84 84 0.1145108712037538 0.033155202865600586 0.30000000000000016
90 90 0.11247303917983209 0.03574705123901367 0.2999999999999999
96 96 0.11327695801933657 0.037804365158081055 0.29999999999999993
102 102 0.11266990111043046 0.03989434242248535 0.30000000000000004
108 108 0.11290250739309476 0.04215288162231445 0.3
114 114 0.11327615543678887 0.04418373107910156 0.30000000000000004
120 120 0.11221244018622362 0.0465693473815918 0.29999999999999993
126 126 0.11268606214143817 0.04859471321105957 0.3000000000000001
132 132 0.11273003219778094 0.05059361457824707 0.30000000000000016
138 138 0.11244998749310753 0.0525667667388916 0.2999999999999999
144 144 0.11256836911116219 0.054587602615356445 0.3
150 150 0.11243194376223231 0.05713200569152832 0.30000000000000004
156 156 0.11247253936032486 0.059171438217163086 0.29999999999999993
162 162 0.11253569348187892 0.061316490173339844 0.29999999999999993
168 168 0.1123591252958625 0.06336164474487305 0.3000000000000001
174 174 0.11245334391301531 0.06547927856445312 0.3
180 180 0.11247504820794713 0.06777405738830566 0.29999999999999993
186 186 0.11239976723187795 0.06979227066040039 0.3
192 192 0.11242655230353787 0.07180261611938477 0.3
198 198 0.1124191273905924 0.07380032539367676 0.29999999999999993
204 204 0.11241850800852571 0.07598590850830078 0.3
210 210 0.112435401635475 0.07824873924255371 0.3000000000000001
216 216 0.11239093633580577 0.08023548126220703 0.2999999999999999
222 222 0.11241477630914132 0.0821981430053711 0.3000000000000001
228 228 0.11241785904488683 0.08420348167419434 0.30000000000000004
234 234 0.11240322318028312 0.0861656665802002 0.29999999999999993
240 240 0.1124090406252895 0.08837723731994629 0.3000000000000001
246 246 0.11240229316582662 0.09082579612731934 0.3
252 252 0.11240502205361791 0.09284496307373047 0.29999999999999993
258 258 0.11240750596207538 0.09489798545837402 0.3000000000000001
264 264 0.11240001160931445 0.09710812568664551 0.3000000000000001
270 270 0.11240331073308235 0.09955406188964844 0.3000000000000001
276 276 0.11240394188458863 0.1015920639038086 0.30000000000000004
282 282 0.11240144623878434 0.10355377197265625 0.29999999999999993
288 288 0.11240231624416869 0.10553717613220215 0.3
294 294 0.11240197014304043 0.10753846168518066 0.30000000000000016
300 300 0.11240189980886389 0.11010074615478516 0.30000000000000004
306 306 0.11240257163022949 0.11258792877197266 0.3000000000000001
312 312 0.11240091378418043 0.11472487449645996 0.3000000000000001
318 318 0.11240188012936453 0.11668562889099121 0.3000000000000001
324 324 0.11240207696343224 0.1186981201171875 0.30000000000000004
330 330 0.11240137701246317 0.12096309661865234 0.30000000000000004
336 336 0.11240163966855166 0.12295794486999512 0.30000000000000004
342 342 0.11240145851463412 0.12493157386779785 0.3000000000000001
348 348 0.11240152389591607 0.12714314460754395 0.29999999999999993
354 354 0.11240164964337512 0.12911176681518555 0.30000000000000004
360 360 0.11240129674272198 0.1316061019897461 0.30000000000000004
366 366 0.11240145555878117 0.13365983963012695 0.3
372 372 0.11240147200067097 0.13558173179626465 0.30000000000000004
378 378 0.11240137544521556 0.13759613037109375 0.2999999999999999
384 384 0.11240141398722209 0.13961529731750488 0.29999999999999993
390 390 0.11240137365958747 0.14202308654785156 0.30000000000000004
396 396 0.11240138414988488 0.14447021484375 0.30000000000000016
402 402 0.11240140547292227 0.14645147323608398 0.29999999999999993
408 408 0.11240134665940055 0.14839434623718262 0.29999999999999993
414 414 0.11240137862336225 0.1503620147705078 0.3000000000000001
420 420 0.1124013862159064 0.15256953239440918 0.30000000000000016
426 426 0.11240136038802756 0.15451669692993164 0.29999999999999993
432 432 0.11240136958013591 0.15649104118347168 0.3000000000000001
438 438 0.11240136756575658 0.1585075855255127 0.30000000000000004
444 444 0.11240136685787644 0.16048789024353027 0.3
450 450 0.11240137250976456 0.16327834129333496 0.30000000000000016
456 456 0.11240135772204396 0.1653459072113037 0.3000000000000001
462 462 0.11240136571761672 0.16733384132385254 0.3000000000000002
468 468 0.1124013667983576 0.1693263053894043 0.3000000000000001
474 474 0.1124013618175212 0.17137885093688965 0.29999999999999993
480 480 0.11240136371912673 0.17358160018920898 0.3
486 486 0.11240136165402059 0.1757829189300537 0.29999999999999993
492 492 0.11240136244752374 0.1779313087463379 0.3000000000000001
498 498 0.11240136327890021 0.1803593635559082 0.30000000000000016
504 504 0.11240136079565655 0.18267321586608887 0.3
510 510 0.11240136191137018 0.18503952026367188 0.30000000000000016
516 516 0.11240136213826324 0.1870408058166504 0.3000000000000001
522 522 0.11240136127570777 0.18906235694885254 0.2999999999999998
528 528 0.1124013615603 0.1910688877105713 0.3
534 534 0.1124013614851549 0.19367671012878418 0.30000000000000004
540 540 0.1124013614381657 0.19620347023010254 0.3
546 546 0.11240136166396303 0.19867229461669922 0.3
552 552 0.11240136112298349 0.20101499557495117 0.3
558 558 0.11240136143691992 0.20320749282836914 0.29999999999999993
564 564 0.11240136150476959 0.205247163772583 0.3
570 570 0.11240136126676714 0.20750737190246582 0.30000000000000016
576 576 0.11240136135305262 0.21059799194335938 0.3
582 582 0.11240136129913869 0.21259784698486328 0.3000000000000001
588 588 0.11240136131687278 0.21575498580932617 0.2999999999999998
594 594 0.11240136135876738 0.21786046028137207 0.2999999999999999
600 600 0.11240136124188532 0.22028470039367676 0.2999999999999998
