0 0 0.9166666666666666 0.00047326087951660156 1.5
6 6 0.1480294400691446 0.0026357173919677734 0.1865112283956064
12 12 0.10149377021200645 0.0049245357513427734 0.20894003896556723
18 18 0.06895257634316289 0.007231950759887695 0.188483015221297
24 24 0.039450935876884655 0.009703397750854492 0.12243197856704513
30 30 0.030119587811648696 0.012238740921020508 0.07117746658677582
36 36 0.029023455005045246 0.014243841171264648 0.06807517514605203
42 42 0.019365165429169384 0.016254901885986328 0.09020978986550572
48 48 0.013672134802004132 0.018223285675048828 0.04371897870055362
54 54 0.012261119282192104 0.02021193504333496 0.018711983206678218
60 60 0.007390843891519713 0.02266097068786621 0.011913882528648966
66 66 0.0035956810053353744 0.02491283416748047 0.0068959346003353425
72 72 0.0026738435217822654 0.02702808380126953 0.006977564273497842
78 78 0.003537674889302081 0.029842615127563477 0.01838649508771128
84 84 0.002653629871370994 0.0323028564453125 0.012911240224073988
90 90 0.0019040949336909252 0.034638404846191406 0.0025286787380434175
96 96 0.0019118120281564482 0.03698372840881348 0.003079197314859325
102 102 0.0010834342336767527 0.039041757583618164 0.004107696887220795
108 108 0.0005975622738849384 0.0410311222076416 0.0025880981668240694
114 114 0.0005864535855299863 0.04305219650268555 0.0014679897083238744
120 120 0.000634877589291552 0.04531121253967285 0.0018820675052344871
126 126 0.00038591077259038375 0.04799485206604004 0.001892070837037227
132 132 0.0002931065840484498 0.050112009048461914 0.0007524266665943414
138 138 0.000252075685234901 0.05234646797180176 0.00040969585983263723
144 144 0.0001553737899695068 0.05433034896850586 0.0003139233525219006
150 150 5.8350984395494354e-05 0.05656766891479492 0.0001356943095478839
156 156 5.5609290931749045e-05 0.05855679512023926 0.0001480747313753213
162 162 6.610480317911782e-05 0.06051182746887207 0.0003621612768904679
168 168 5.556784696976458e-05 0.06248784065246582 0.0002948168348258505
174 174 3.709989168564076e-05 0.06516075134277344 7.655866307348103e-05
180 180 3.247881532521257e-05 0.06746530532836914 5.0937364872882807e-05
186 186 2.2040827514752115e-05 0.06945419311523438 7.147654145327236e-05
192 192 8.915866612654866e-06 0.07142257690429688 4.870914122363371e-05
198 198 1.0487082682988924e-05 0.07337355613708496 2.2638575866324772e-05
204 204 1.271814175750341e-05 0.07541227340698242 3.614531790384776e-05
210 210 8.120361006599963e-06 0.07761788368225098 3.638506060870047e-05
216 216 5.953457745996871e-06 0.07965469360351562 1.3478778421684369e-05
222 222 5.3830243493951935e-06 0.08164215087890625 9.326127052455835e-06
228 228 3.452406964088439e-06 0.08365964889526367 7.89199202863793e-06
234 234 1.0265818450039266e-06 0.08576536178588867 3.983422051305121e-06
240 240 1.0988183888199776e-06 0.08803462982177734 2.3004078249099214e-06
246 246 1.4458352917551265e-06 0.09017109870910645 7.460661211906871e-06
252 252 1.183818929537117e-06 0.09212255477905273 6.761097987414546e-06
258 258 8.719900106562983e-07 0.09409332275390625 2.290856420986227e-06
264 264 7.495008211844123e-07 0.09605216979980469 1.0983518997642605e-06
270 270 4.768835339119537e-07 0.09834647178649902 1.3934329341706703e-06
276 276 1.5666929023550047e-07 0.1006312370300293 1.001020314384765e-06
282 282 1.9403973688936205e-07 0.10260772705078125 4.1807797447500375e-07
288 288 2.5787932315946005e-07 0.10478091239929199 6.375822843715008e-07
294 294 1.7736126815826037e-07 0.10681033134460449 7.117427875601249e-07
300 300 1.1456835405376786e-07 0.10920906066894531 2.705519523877336e-07
306 306 1.0905878400357949e-07 0.11118817329406738 1.9987382798847264e-07
312 312 7.60504211966273e-08 0.1132054328918457 1.5474944555024158e-07
318 318 2.3631767737120057e-08 0.11518383026123047 1.0210480530394243e-07
324 324 2.039787093399692e-08 0.11751222610473633 3.872204423086547e-08
330 330 2.679468474875435e-08 0.11972332000732422 1.4349416794587576e-07
336 336 2.1637848707234397e-08 0.12170076370239258 1.4126066484978536e-07
342 342 1.84090939159276e-08 0.12419676780700684 6.121402755338392e-08
348 348 1.4609847581725788e-08 0.12623190879821777 2.2326995097930737e-08
354 354 1.1110978956341278e-08 0.1282179355621338 2.7896892792451915e-08
360 360 2.6720577833705406e-09 0.13046669960021973 1.9526948110554608e-08
366 366 3.1289021235059167e-09 0.13246774673461914 7.474860069944658e-09
372 372 4.541125642187893e-09 0.1345961093902588 1.2531649261886353e-08
378 378 3.762434142018378e-09 0.13702750205993652 1.6413469872282437e-08
384 384 2.323455219888082e-09 0.1397254467010498 7.340664160857147e-09
390 390 2.0038707637670683e-09 0.14228177070617676 3.771681800213145e-09
396 396 1.6567001936973469e-09 0.1442430019378662 3.2378214640141543e-09
402 402 4.732151892561376e-10 0.14619851112365723 2.4081669630011644e-09
408 408 3.603885245784255e-10 0.14819073677062988 7.488237526444442e-10
414 414 5.921736295766422e-10 0.15015316009521484 2.5605307283619034e-09
420 420 4.520028240584395e-10 0.1524040699005127 2.7538306919125964e-09
426 426 3.4966531059499317e-10 0.15475893020629883 1.3468554696106574e-09
432 432 2.7797504575932663e-10 0.1570119857788086 4.5618325783536307e-10
438 438 2.341831312202558e-10 0.15909504890441895 5.554543548916669e-10
444 444 7.079807573528996e-11 0.16116094589233398 4.345056095135247e-10
450 450 5.8127863633572474e-11 0.16350340843200684 1.3579937173581858e-10
456 456 8.695016928683685e-11 0.16566872596740723 2.212382364807331e-10
462 462 7.806282009692467e-11 0.16830205917358398 3.460750814070716e-10
468 468 5.2244625292630076e-11 0.17068815231323242 1.8210297099917151e-10
474 474 4.1799008698717444e-11 0.1729118824005127 7.681438818352149e-11
480 480 3.7022093724026206e-11 0.17516565322875977 6.681267763479389e-11
486 486 1.233781132814471e-11 0.17725276947021484 6.108003435914391e-11
492 492 9.013637058963297e-12 0.17929697036743164 1.7699966492277785e-11
498 498 1.259231607875222e-11 0.18140840530395508 4.330540411633121e-11
504 504 1.1161641055856819e-11 0.18415474891662598 5.868978507483467e-11
510 510 6.296449472920074e-12 0.18753671646118164 3.300964691507246e-11
516 516 5.626277221892906e-12 0.19014620780944824 1.0287104501571775e-11
522 522 5.388564594532852e-12 0.1921384334564209 1.0289866780190982e-11
528 528 2.0702189962307216e-12 0.19409704208374023 9.948362526239495e-12
534 534 1.1456113835350834e-12 0.19619369506835938 2.736662220849689e-12
540 540 1.659034021272987e-12 0.19849824905395508 4.435488105178996e-12
546 546 1.596958676408633e-12 0.20087385177612305 7.480836512056296e-12
552 552 1.1432660373955628e-12 0.2036275863647461 4.448811679781852e-12
558 558 8.358591596646647e-13 0.20610809326171875 1.6876500197327005e-12
564 564 8.226613834594332e-13 0.2085859775543213 1.520289984838101e-12
570 570 3.2210345501937354e-13 0.21228337287902832 1.2305372995361162e-12
576 576 1.8049450822843482e-13 0.21451950073242188 4.1892123475191385e-13
582 582 2.1538326677728037e-13 0.2166900634765625 6.897404193199974e-13
588 588 2.3302193508101254e-13 0.21874380111694336 1.2367082182926358e-12
594 594 1.287303597052869e-13 0.22235727310180664 7.919813232820287e-13
600 600 1.1121659149182506e-13 0.22490572929382324 1.8052226380405045e-13
