0 0 0.9166666666666666 0.00045180320739746094 1.5
3 6 0.7283110826929167 0.0024368762969970703 1.2085304579460991
6 12 0.5708062124246895 0.004410982131958008 0.9739589355026229
9 18 0.46999284059365676 0.0063898563385009766 0.7896793642473534
12 24 0.4463748600451457 0.008498191833496094 0.6486566498323035
15 30 0.4518191153525481 0.010540246963500977 0.5410919390021772
18 36 0.4567849861617712 0.012944459915161133 0.46306104090327155
21 42 0.4613192324907638 0.015213727951049805 0.4862333555017361
24 48 0.4654412676612016 0.017157554626464844 0.5144513035963564
27 54 0.4691661608869332 0.01909494400024414 0.5465105771446054
30 60 0.4725150270103542 0.021036624908447266 0.581250161726037
33 66 0.47551846351192784 0.022982358932495117 0.6175660590280273
36 72 0.478215054172745 0.02512645721435547 0.6544350544396099
39 78 0.48633921049634077 0.027594327926635742 0.6909433748280908
42 84 0.49498936036670993 0.029561996459960938 0.7263140380456706
45 90 0.5033488814062814 0.031699419021606445 0.759926928016516
48 96 0.5113199003655395 0.033634185791015625 0.7913273677554532
51 102 0.5188388003122119 0.035574913024902344 0.8202217600189102
54 108 0.5258706014469929 0.0375063419342041 0.8464617679326576
57 114 0.5324032078270591 0.039476633071899414 0.8700205707303077
60 120 0.538441856133723 0.0417327880859375 0.890965482057548
63 126 0.5440041019078435 0.04378104209899902 0.9094307822331117
66 132 0.549115571719072 0.04582953453063965 0.9255934856181764
69 138 0.5538065723280302 0.047962188720703125 0.9396534798485351
72 144 0.5581095314531095 0.04991316795349121 0.9518184032832061
75 150 0.5620571702879639 0.05182957649230957 0.9622929175772913
78 156 0.5656812745427926 0.053786277770996094 0.9712716690880201
81 162 0.5690119274475325 0.05571103096008301 0.9789351255770428
84 168 0.5720770822457262 0.05764055252075195 0.9854475217370147
87 174 0.5749023732275818 0.05958867073059082 0.9909562671742341
90 180 0.5775110869062998 0.06164884567260742 0.9955923105395408
93 186 0.579924235180042 0.06370687484741211 0.9994710845354148
96 192 0.5821606889410562 0.0657799243927002 1.0026937661079436
99 198 0.5842373434636392 0.06810164451599121 1.0053486715211362
102 204 0.5861692964527682 0.07015037536621094 1.007512669285789
105 210 0.5879700264868086 0.07210469245910645 1.009252538991803
108 216 0.5896515643636353 0.07404685020446777 1.0106262351360493
111 222 0.5912246531010585 0.07596898078918457 1.0116840357406638
114 228 0.5926988944848444 0.07804417610168457 1.0124695689038725
117 234 0.5940828814335983 0.08030414581298828 1.013020718694518
120 240 0.5953843163047504 0.0825037956237793 1.0133704166606143
123 246 0.596610115775376 0.08451962471008301 1.013547327854088
126 252 0.5977665032175479 0.08643651008605957 1.013576441491244
129 258 0.5988590896325579 0.08837461471557617 1.013479576712996
132 264 0.5998929442649814 0.09028863906860352 1.013275813728081
135 270 0.6008726560194653 0.09225177764892578 1.0129818601310228
138 276 0.6018023867700857 0.09427714347839355 1.012612361511843
141 282 0.602685917595698 0.09624838829040527 1.012180164690918
144 288 0.6035266889017401 0.09830188751220703 1.0116965410654943
147 294 0.6043278353042139 0.10035157203674316 1.0111713766766421
150 300 0.6050922160591888 0.1022794246673584 1.0106133347246768
153 306 0.6058224417251228 0.10419511795043945 1.0100299954037923
156 312 0.6065208976495899 0.10613560676574707 1.009427977117739
159 318 0.607189764780411 0.10806965827941895 1.0088130423993513
162 324 0.6078310382167055 0.10998797416687012 1.0081901912033475
165 330 0.6084465438403077 0.11255788803100586 1.0075637436830878
168 336 0.6090379533034131 0.11482977867126465 1.0069374140996505
171 342 0.6096067975945467 0.11736679077148438 1.0063143771412073
174 348 0.6101544793614035 0.11943531036376953 1.0056973276431544
177 354 0.6106822841347397 0.12135815620422363 1.0050885344827825
180 360 0.6111913905709359 0.12326359748840332 1.0044898892635246
183 366 0.6116828798106663 0.12517476081848145 1.0039029502901933
186 372 0.6121577440359078 0.12711143493652344 1.003328982256871
189 378 0.6126168942961077 0.1292269229888916 1.00276899201347
192 384 0.6130611676656788 0.13118505477905273 1.0022237607379545
195 390 0.6134913337883294 0.13348817825317383 1.001693872812903
198 396 0.6139081008584364 0.13561153411865234 1.0011797416834383
201 402 0.6143121210853408 0.13755249977111816 1.0006816329556514
204 408 0.6147039956827365 0.1394975185394287 1.0001996849787742
207 414 0.6150842794220737 0.1414189338684082 0.9997339271393673
210 420 0.6154534847859578 0.14339351654052734 0.9992842960812048
213 426 0.6158120857548239 0.1453099250793457 0.9988506500500816
216 432 0.6161605212576438 0.14743709564208984 0.9984327815484462
219 438 0.6164991983150759 0.14950871467590332 0.9980304284706457
222 444 0.6168284949012591 0.15156769752502441 0.9976432838758008
225 450 0.6171487625483791 0.15351557731628418 0.997271004541998
228 456 0.6174603287162153 0.15543460845947266 0.9969132184327835
231 462 0.6177634989470606 0.1573469638824463 0.9965695311948851
234 468 0.618058558824746 0.15929889678955078 0.9962395317947905
237 474 0.6183457757549344 0.16142487525939941 0.9959227973912883
240 480 0.6186254005824191 0.16350626945495605 0.9956188975313469
243 486 0.6188976690598378 0.16556477546691895 0.9953273977477639
246 492 0.6191628031809815 0.1676952838897705 0.9950478626288484
249 498 0.6194210123907637 0.16983294486999512 0.9947798584229429
252 504 0.6196724946828744 0.17175960540771484 0.9945229552338487
255 510 0.6199174375951939 0.17367267608642578 0.9942767288571173
258 516 0.620156019112185 0.17560982704162598 0.9940407623016625
261 522 0.6203884084826612 0.17771458625793457 0.9938146470362024
264 528 0.6206147669606197 0.17980337142944336 0.9935979839956139
267 534 0.6208352484761435 0.181854248046875 0.9933903843782791
270 540 0.6210500002427716 0.18384337425231934 0.9931914702619735
273 546 0.6212591633071711 0.18586516380310059 0.9930008750626533
276 552 0.6214628730464329 0.18794512748718262 0.9928182438576622
279 558 0.6216612596178428 0.1898813247680664 0.9926432335923614
282 564 0.6218544483655516 0.19179558753967285 0.9924755131869303
285 570 0.6220425601881634 0.19446945190429688 0.9923147635580808
288 576 0.6222257118709251 0.19643115997314453 0.9921606775686576
291 582 0.6224040163858446 0.19866228103637695 0.9920129599165047
294 588 0.6225775831627838 0.20090937614440918 0.9918713269725884
297 594 0.6227465183342886 0.20291924476623535 0.991735506577106
300 600 0.6229109249566738 0.20493841171264648 0.991605237801222
