0 0 0.9166666666666666 0.00046539306640625 1.5
3 6 0.20591659927506967 0.002701282501220703 0.18814286658214252
6 12 0.17231656091892442 0.004854679107666016 0.4069740172505069
9 18 0.10584076193999906 0.006958961486816406 0.23770554637873376
12 24 0.15007923076453833 0.00934290885925293 0.26931238532093815
15 30 0.14135735990352177 0.011486530303955078 0.2970019326002068
18 36 0.13834253995246598 0.013616085052490234 0.33283403553576585
21 42 0.06732798526494836 0.015775442123413086 0.29106616715640476
24 48 0.04753459752927061 0.018356800079345703 0.06509351228294974
27 54 0.03600607072161595 0.020778417587280273 0.10618996091274739
30 60 0.02658856769836976 0.02318549156188965 0.08010987655432748
33 66 0.05276332374929327 0.025424480438232422 0.10994927743070215
36 72 0.04708020863637849 0.0275418758392334 0.08232371968094215
39 78 0.01879027638641209 0.029654264450073242 0.10430111621239548
42 84 0.019075890094685077 0.03179526329040527 0.0368434639110689
45 90 0.014389897921164727 0.03408932685852051 0.02171300425236656
48 96 0.008250015359318075 0.03636002540588379 0.03094767016515609
51 102 0.015168968433967117 0.03870654106140137 0.026772428227504086
54 108 0.013980201272710505 0.04082679748535156 0.024945176683651593
57 114 0.0067054263909516465 0.04303240776062012 0.030142612639597076
60 120 0.008080293170874206 0.04515433311462402 0.015203983503774573
63 126 0.006740529769511602 0.04745793342590332 0.00667170132569385
66 132 0.005376987852926965 0.05012035369873047 0.010405375083533397
69 138 0.003511901365499351 0.052309513092041016 0.006810490538620156
72 144 0.0030953060377977987 0.05440640449523926 0.006724444105272623
75 150 0.0038088364044526896 0.05663347244262695 0.007205495788815441
78 156 0.004535645963271218 0.05891251564025879 0.006642293716664798
81 162 0.004401177769069287 0.06135725975036621 0.00668693886877535
84 168 0.004143449711062647 0.06352019309997559 0.006729316437121846
87 174 0.0034143494442460953 0.06574821472167969 0.006734132888890548
90 180 0.0029521810132369375 0.06791496276855469 0.0067075793428142474
93 186 0.003122369762730226 0.07002377510070801 0.006679343948700648
96 192 0.0034347359080608153 0.07211112976074219 0.006670694555766275
99 198 0.0037101865591374072 0.0744178295135498 0.006679940780126066
102 204 0.003679823190987863 0.07663369178771973 0.0066913471510398
105 210 0.00346637909837616 0.07888078689575195 0.006692437481155601
108 216 0.003301557064832386 0.08114767074584961 0.006683131716405866
111 222 0.003302800405037873 0.08323550224304199 0.006671863278593307
114 228 0.0034149784568664743 0.08540701866149902 0.00666594600357022
117 234 0.003510064103605187 0.08768129348754883 0.006665975304191793
120 240 0.003515162924912371 0.08999848365783691 0.006667530452088145
123 246 0.003454521844402772 0.0925760269165039 0.006666402350926478
126 252 0.0033982202117563004 0.09471654891967773 0.006661962542311054
129 258 0.0033901897328217773 0.09680747985839844 0.006656524786477833
132 264 0.0034208447792260233 0.09892392158508301 0.00665250395460252
135 270 0.003452091914211211 0.10150313377380371 0.0066504105311818665
138 276 0.0034576459168404877 0.1036689281463623 0.006649051339262867
141 282 0.003440739850081226 0.10613226890563965 0.006647056182204344
144 288 0.00342193972905315 0.10861635208129883 0.00664405516723177
147 294 0.0034167257173024074 0.11072897911071777 0.006640657528321606
150 300 0.0034244786353506973 0.1128075122833252 0.0066376357934172245
153 306 0.003434178582232647 0.11492347717285156 0.006635240278280939
156 312 0.003436781079641446 0.11705160140991211 0.006633163091575259
159 318 0.0034319865506757252 0.1191859245300293 0.00663097060767091
162 324 0.003425658407788093 0.12133264541625977 0.006628498740540322
165 330 0.0034230274227308177 0.12342238426208496 0.00662589944194736
168 336 0.0034246115810271094 0.1255786418914795 0.006623413189472054
171 342 0.003427315014308596 0.12795424461364746 0.006621142662119763
174 348 0.0034281338156773727 0.1300497055053711 0.00661901274707094
177 354 0.003426589023443477 0.13219952583312988 0.006616889252356685
180 360 0.0034243020493069792 0.13441133499145508 0.006614707553853183
183 366 0.0034229847690870063 0.13655900955200195 0.006612502469045715
186 372 0.0034230059042246325 0.13872885704040527 0.006610346875214908
189 378 0.003423523295364994 0.14102649688720703 0.00660827902816272
192 384 0.0034235670448260203 0.14338445663452148 0.006606281892367234
195 390 0.0034228768903981355 0.14551377296447754 0.0066043145694408825
198 396 0.0034218857966347577 0.14764165878295898 0.0066023531182160585
201 402 0.0034211396342847256 0.14977097511291504 0.006600404204367203
204 408 0.0034208121741965136 0.15190553665161133 0.006598489190679568
207 414 0.0034206828949930185 0.1541755199432373 0.006596621333197564
210 420 0.003420445915527162 0.15673184394836426 0.00659479705578873
213 426 0.0034199889224127145 0.15889263153076172 0.006593003899080467
216 432 0.0034194225713859994 0.1613771915435791 0.006591233194202857
219 438 0.003418917077434122 0.16348958015441895 0.006589485509333531
222 444 0.003418542852871659 0.1656198501586914 0.006587766740245479
225 450 0.003418244915183055 0.1678633689880371 0.006586081100050419
228 456 0.0034179287232982553 0.1701507568359375 0.006584427780759911
231 462 0.00341755069302864 0.17238831520080566 0.006582802838338463
234 468 0.0034171374106232305 0.1746387481689453 0.006581203051837644
237 474 0.003416740875763158 0.17681384086608887 0.006579627939482986
240 480 0.003416387369067145 0.17896223068237305 0.00657807887220085
243 486 0.0034160640964550903 0.18107008934020996 0.006576556958275743
246 492 0.0034157423370364676 0.1845254898071289 0.006575061839929281
249 498 0.0034154061828553517 0.18695855140686035 0.006573592095545774
252 504 0.0034150613907963784 0.18935894966125488 0.0065721463936380285
255 510 0.0034147235185067876 0.1915900707244873 0.006570724203517016
258 516 0.0034144018468525855 0.19371557235717773 0.006569325621591666
261 522 0.0034140937012034356 0.19584059715270996 0.0065679507441983
264 528 0.0034137904695442645 0.19798040390014648 0.00656659925113156
267 534 0.003413486556421555 0.20018982887268066 0.006565270474232923
270 540 0.0034131829399641905 0.20264124870300293 0.006563963736397279
273 546 0.0034128841556440997 0.20497393608093262 0.006562678593414119
276 552 0.00341259333072709 0.2070631980895996 0.006561414810870904
279 558 0.003412309996646934 0.2091691493988037 0.006560172181368778
282 564 0.0034120315789916006 0.21126532554626465 0.006558950384658187
285 570 0.003411756139911168 0.21333670616149902 0.006557748991910919
288 576 0.0034114837039571078 0.215440034866333 0.006556567563499952
291 582 0.003411215535001788 0.21780705451965332 0.006555405729079872
294 588 0.0034109526275791363 0.2199711799621582 0.006554263189572861
297 594 0.0034106949128356184 0.2223677635192871 0.006553139664795526
300 600 0.0034104416014378164 0.22453570365905762 0.006552034847557012
