0 0 0.41364294385747274 0.10964465141296387 0.7990694528401534
2 6 0.15492849692954763 0.11200857162475586 0.17773779349775568
4 12 0.07941905443764913 0.11410307884216309 0.1649055955998221
6 18 0.05960891075641009 0.11622762680053711 0.0808972966019189
8 24 0.040848428282432014 0.11817502975463867 0.09838423581736148
10 30 0.05317808810461011 0.12006688117980957 0.07491744464743147
12 36 0.045935783384490295 0.12214016914367676 0.08726113406393647
14 42 0.028398236644304242 0.1240689754486084 0.060955708940770015
16 48 0.021330783276011456 0.12634849548339844 0.029845511913573205
18 54 0.020279458006843748 0.12856578826904297 0.05022827478909683
20 60 0.03226840815268289 0.13054132461547852 0.044301863199262034
22 66 0.018645021780948803 0.1323716640472412 0.023300794002602973
24 72 0.01410069956933628 0.13428068161010742 0.015866777429728418
26 78 0.021955692110660785 0.13635778427124023 0.028600352922998673
28 84 0.01906615003682055 0.1382427215576172 0.04593561363319251
30 90 0.012962096047356389 0.140272855758667 0.023728932517863295
32 96 0.01254822468587842 0.14217662811279297 0.015900205107515795
34 102 0.017113252465791068 0.14411473274230957 0.027806579842183453
36 108 0.007886436437809605 0.1459970474243164 0.018690770745530518
38 114 0.013112471842416207 0.1478731632232666 0.027656038324814336
40 120 0.0047235688560717665 0.14977526664733887 0.006199914395028071
42 126 0.01246784853394052 0.1516435146331787 0.030687333460295174
44 132 0.005753518319297726 0.1535654067993164 0.008127062799992455
46 138 0.015593764155080223 0.15558242797851562 0.0277114483814298
48 144 0.00881493474608315 0.15755128860473633 0.013880261825612195
50 150 0.00804356211340583 0.15942049026489258 0.015973575722849513
52 156 0.0071957078995163876 0.16131067276000977 0.01266487103892343
54 162 0.005188220552688458 0.1634535789489746 0.014495021880471819
56 168 0.01292001839826594 0.1653425693511963 0.023995505033193202
58 174 0.0074872278601463005 0.16723036766052246 0.013420189747558799
60 180 0.009139261351074637 0.16921186447143555 0.021081269483022934
62 186 0.006132677607627535 0.17111754417419434 0.012496965811928088
64 192 0.005407897074064791 0.1730029582977295 0.00780159705561488
66 198 0.0071724436008455544 0.17487525939941406 0.0178843935085331
68 204 0.00644859056166 0.1767728328704834 0.013174999839797695
70 210 0.0021811747201816445 0.1786491870880127 0.004811199620716962
72 216 0.007589782126313005 0.18055319786071777 0.010800597396269316
74 222 0.011012047048799503 0.18264508247375488 0.01910704041187977
76 228 0.00461773822962519 0.18455123901367188 0.00734782789094806
78 234 0.008286949724819692 0.18656206130981445 0.018534763098744807
80 240 0.006133157637900122 0.18846392631530762 0.01487395383908278
82 246 0.004550221308366728 0.19035029411315918 0.009039290892724695
84 252 0.004476130914914334 0.19225835800170898 0.006705875822561837
86 258 0.006849999191697764 0.19412708282470703 0.010781903618848154
88 264 0.003232988928632996 0.1960599422454834 0.010927666512077529
90 270 0.005886933702594091 0.19794726371765137 0.010102584195510226
92 276 0.00440905729074241 0.19999337196350098 0.009056813499050971
94 282 0.0024262860294101407 0.20191502571105957 0.004372430744711597
96 288 0.004939849004518271 0.20397615432739258 0.007497977860103361
98 294 0.007277811235784637 0.20619463920593262 0.013912698900271787
100 300 0.00429216870002444 0.20804476737976074 0.00558581580558587
102 306 0.005689858141614615 0.20997405052185059 0.012724010399887915
104 312 0.004460310443203497 0.2118360996246338 0.011524850932023639
106 318 0.0031720842018439638 0.21373510360717773 0.007139848090511625
108 324 0.003672769731537337 0.2159736156463623 0.007001624126829493
110 330 0.006048589771174562 0.21799254417419434 0.012563254294842474
112 336 0.0026832621501548665 0.22011137008666992 0.004486772290250305
114 342 0.005212196283880768 0.22246885299682617 0.012631131607871611
116 348 0.0047011024978832056 0.2243359088897705 0.01087127728937971
118 354 0.004018187160803308 0.22618913650512695 0.005300707333887651
120 360 0.0023153565162878226 0.22806954383850098 0.0042179991385781
122 366 0.005259757016576494 0.22992205619812012 0.008182488106984076
124 372 0.0036523385549321885 0.2317798137664795 0.00988986795942077
126 378 0.0031692838585657274 0.23366451263427734 0.006777513016555149
128 384 0.004207580054644208 0.23568129539489746 0.005648555972323638
130 390 0.0015922431485267674 0.237748384475708 0.004407017686433219
132 396 0.003922270483723386 0.23975133895874023 0.004819833872888868
134 402 0.004462850988414854 0.24161386489868164 0.007349857561397821
136 408 0.003153141677480792 0.24347329139709473 0.00873511779362108
138 414 0.003045077828424253 0.24535179138183594 0.006208723898909938
140 420 0.003872280253243307 0.2473125457763672 0.004738140488502797
142 426 0.002005869765701676 0.24919724464416504 0.004942280179009643
144 432 0.0023399210355510708 0.25108909606933594 0.0031152817102911845
146 438 0.0039135922520413535 0.2530698776245117 0.005837681243500272
148 444 0.003640077418458454 0.25504255294799805 0.010139895335652117
150 450 0.003368455170621232 0.257251501083374 0.006180555595608763
152 456 0.003027703114616573 0.25910377502441406 0.005724131652773438
154 462 0.003578331979690416 0.2609586715698242 0.0066600436674655655
156 468 0.0014731510079210725 0.26280665397644043 0.002399146483071202
158 474 0.002828396675941508 0.26472997665405273 0.007865684616516648
160 480 0.003964802718151125 0.26657748222351074 0.007470683029787749
162 486 0.001372972309183526 0.2684309482574463 0.0021952654064610806
164 492 0.0028469278633352912 0.2704770565032959 0.0045574350268748325
166 498 0.0036232617151926577 0.2725107669830322 0.008308609115001529
168 504 0.0029817502181971184 0.27486538887023926 0.007746964556088087
170 510 0.0019059758891929318 0.2767808437347412 0.003831519281815518
172 516 0.0022073600990215325 0.2787647247314453 0.003186213571266454
174 522 0.004360847914572419 0.2806544303894043 0.006424471972758789
176 528 0.0007225781274979859 0.28252577781677246 0.0011964455839340263
178 534 0.0021278431317496016 0.2844517230987549 0.003582195712194711
180 540 0.001316166351856149 0.28639936447143555 0.0017785269559964674
182 546 0.0025765020262733945 0.288926362991333 0.007308448434230767
184 552 0.0023751188149084973 0.2909431457519531 0.0033957777894174646
186 558 0.0019922488223061974 0.29299092292785645 0.003462490490791487
188 564 0.0015893661501700795 0.2949507236480713 0.0016482297688751313
190 570 0.0026497811165432927 0.2968881130218506 0.005785152797208462
192 576 0.0017865682349079148 0.2989068031311035 0.004100829294956966
194 582 0.0036602532624638445 0.30088138580322266 0.007368843117855041
196 588 0.002874299144001738 0.302814245223999 0.004120516369710836
198 594 0.0038282274769065178 0.30472588539123535 0.0066980028899076074
200 600 0.002835769237161917 0.30698418617248535 0.005868001963552017
