0 0 0.9166666666666666 0.00045871734619140625 1.5
6 6 0.23318097696125076 0.0025343894958496094 0.38266305454127264
12 12 0.07613210284690877 0.00457453727722168 0.2845010861384419
18 18 0.06980119386045655 0.006536245346069336 0.11305350567030872
24 24 0.06951601990084788 0.008593559265136719 0.14497027180964445
30 30 0.02761564953010466 0.010858535766601562 0.09889673036852702
36 36 0.047773863064596286 0.012937068939208984 0.100887892005448
42 42 0.05151234930000537 0.015033960342407227 0.08692020668008127
48 48 0.01837737383469336 0.017012596130371094 0.032301285993774034
54 54 0.0276885486948827 0.01900625228881836 0.09042831092538321
60 60 0.019598610802395833 0.021198272705078125 0.05028603704355575
66 66 0.024486685037316283 0.023187637329101562 0.05843860915888512
72 72 0.026951649959935903 0.025313615798950195 0.04446905746484797
78 78 0.01002697425307253 0.02751469612121582 0.02124522666925649
84 84 0.016587029298446215 0.02966165542602539 0.04328844343763089
90 90 0.00796581978567662 0.031989336013793945 0.02642351904755764
96 96 0.013332486761524237 0.03399920463562012 0.03907309953549224
102 102 0.014919479565921864 0.03601193428039551 0.023835250836342137
108 108 0.005122775239482361 0.0379796028137207 0.012825871467395894
114 114 0.009467255901294352 0.04017496109008789 0.018732258927302802
120 120 0.0028704924488823225 0.04264211654663086 0.012706432972140925
126 126 0.006723437159193477 0.0448000431060791 0.022318698741412544
132 132 0.007470803208857554 0.04686260223388672 0.011252372652669262
138 138 0.0032067620836006977 0.04881596565246582 0.006583954809875661
144 144 0.004801877058188603 0.05081510543823242 0.0069371865947866615
150 150 0.0016388842564127315 0.05303311347961426 0.005619933919444774
156 156 0.0030107128643781234 0.05530714988708496 0.011038086410602829
162 162 0.003339791038843437 0.05738258361816406 0.004674366722809631
168 168 0.001824982040663628 0.059546470642089844 0.0030839313128393176
174 174 0.00216224630903325 0.06165266036987305 0.003318993624683686
180 180 0.000810636792054481 0.06396317481994629 0.0022099395321570387
186 186 0.0011787031970161704 0.06591939926147461 0.004863678007964941
192 192 0.0013225299273187385 0.06795430183410645 0.0018480670483705015
198 198 0.0009050921237487158 0.07005047798156738 0.0017111074205298589
204 204 0.0008787684288866643 0.07212090492248535 0.0015360235770132125
210 210 0.0003545001806420367 0.07443809509277344 0.0007218743934979583
216 216 0.0004390202087482392 0.07652568817138672 0.0018735498604923943
222 222 0.00044333304634563975 0.0786902904510498 0.0007963065073012353
228 228 0.0003961798826790097 0.0806729793548584 0.0009233158062617474
234 234 0.0003723302258751282 0.08261847496032715 0.0006237295849522706
240 240 0.00013640229855099717 0.08480310440063477 0.00028922263458938
246 246 0.00020478354747562044 0.08678674697875977 0.0005908242655760779
252 252 0.00010668572790908937 0.08882498741149902 0.0002997437325034218
258 258 0.00015139890847408466 0.09102416038513184 0.00043827926074461917
264 264 0.00014609886661981486 0.09327530860900879 0.0002172981531615159
270 270 5.223530861012127e-05 0.09550118446350098 0.00012863603448774069
276 276 8.607727745696403e-05 0.09742999076843262 0.00011899617157411158
282 282 3.05951939656296e-05 0.09940171241760254 9.151611330781641e-05
288 288 4.7804919857674655e-05 0.10134696960449219 0.00018396770811486364
294 294 4.813672122178092e-05 0.10332012176513672 7.096499529418734e-05
300 300 3.618042322760251e-05 0.10550808906555176 7.935659117638812e-05
306 306 3.76962957977095e-05 0.10764455795288086 6.476472490568597e-05
312 312 1.5784756058789817e-05 0.10975360870361328 3.1664928583253456e-05
318 318 2.59680211383978e-05 0.11175346374511719 6.649380650665553e-05
324 324 1.1148417007250666e-05 0.11377620697021484 3.816077550036214e-05
330 330 2.0041585462649003e-05 0.11596083641052246 6.426131582313093e-05
336 336 2.2314742019274858e-05 0.11791825294494629 3.302657924442176e-05
342 342 1.002421232085271e-05 0.11989283561706543 2.1029305687567783e-05
348 348 1.59944433667375e-05 0.12191224098205566 2.208232436540225e-05
354 354 5.82828506620614e-06 0.12385845184326172 1.7886357247439928e-05
360 360 9.637486092839431e-06 0.126051664352417 3.835749573781749e-05
366 366 1.1254358961959587e-05 0.1280195713043213 1.5138176185990017e-05
372 372 7.6191275354825505e-06 0.13053512573242188 1.4377738128555082e-05
378 378 8.278556111990243e-06 0.13264799118041992 1.4508051282668966e-05
384 384 3.5073948199126903e-06 0.13462209701538086 7.4025338565139e-06
390 390 4.275334231071404e-06 0.13677263259887695 1.9437874239733192e-05
396 396 5.002976396661918e-06 0.13876748085021973 8.75072174762172e-06
402 402 4.42094656537273e-06 0.1409142017364502 1.037053944928268e-05
408 408 4.449266242045891e-06 0.1428513526916504 7.81327406190746e-06
414 414 1.7887084294843092e-06 0.14478778839111328 3.3527123496291438e-06
420 420 2.4964954265654926e-06 0.1470043659210205 8.679043166015397e-06
426 426 1.9527217341441805e-06 0.14898896217346191 4.3390416794554585e-06
432 432 2.1989772312908107e-06 0.15093326568603516 5.869405924308276e-06
438 438 2.2253540243322156e-06 0.15294718742370605 3.6743249438031533e-06
444 444 8.031306846789654e-07 0.15498018264770508 1.7915825398413585e-06
450 450 1.2570095654362845e-06 0.1572890281677246 3.4063384504589392e-06
456 456 6.380775853936926e-07 0.15943074226379395 1.8991437003967253e-06
462 462 9.65339566783019e-07 0.1616051197052002 2.8665990734433855e-06
468 468 9.818469325351131e-07 0.16362929344177246 1.5259210173756976e-06
474 474 3.3549287022094365e-07 0.16565370559692383 8.369565962264205e-07
480 480 5.580502586977065e-07 0.1678776741027832 1.122739842159421e-06
486 486 1.7959910401932344e-07 0.16984319686889648 7.278128966080399e-07
492 492 3.7120205222118674e-07 0.17184829711914062 1.2367240345072945e-06
498 498 3.7985027134812555e-07 0.17478442192077637 5.463909784619858e-07
504 504 1.7136821214847053e-07 0.17695045471191406 3.453416963322421e-07
510 510 2.1748527975762322e-07 0.179182767868042 2.9867898670987714e-07
516 516 8.051121402896655e-08 0.18122291564941406 2.3078549328135176e-07
522 522 1.183678551008871e-07 0.18323922157287598 4.6557809597709564e-07
528 528 1.223512362258372e-07 0.18520522117614746 1.6989123863385536e-07
534 534 8.481896895951024e-08 0.18715548515319824 1.659793233616252e-07
540 540 7.654109712706969e-08 0.18970489501953125 1.3468336362842948e-07
546 546 3.2823396486914014e-08 0.19204092025756836 6.3955209161475e-08
552 552 4.7259357482953845e-08 0.19414639472961426 1.431859438980659e-07
558 558 2.6468485875286163e-08 0.19628071784973145 7.128207124562804e-08
564 564 3.7060115642972846e-08 0.19831299781799316 1.0917935257107883e-07
570 570 3.62877713017129e-08 0.20053410530090332 5.344248643623928e-08
576 576 1.6019411117063065e-08 0.20251178741455078 3.565544213772601e-08
582 582 2.537528859258842e-08 0.20447683334350586 3.529553649350703e-08
588 588 9.6341532251909e-09 0.20682239532470703 2.588140873911018e-08
594 594 1.4217204025168684e-08 0.20888829231262207 5.8819846090882444e-08
600 600 1.519955450390853e-08 0.21123552322387695 2.4623848330356786e-08
