0 0 0.9166666666666666 1.2321875095367432 1.5
3 6 0.20491195969154008 1.2339413166046143 0.18717819448293438
6 12 0.17374504374653318 1.2357022762298584 0.4194136032996816
9 18 0.10819793890164547 1.2378358840942383 0.2356003827312569
12 24 0.15657304553218715 1.2399358749389648 0.29099063518241397
15 30 0.15193744028457065 1.2418980598449707 0.32335875442802087
18 36 0.15698997192126415 1.243882179260254 0.3556196777220384
21 42 0.0714868024234708 1.24564528465271 0.3789986194030823
24 48 0.05793821359222853 1.2473971843719482 0.07943534860431639
27 54 0.04028574568890887 1.2491865158081055 0.12351654637011643
30 60 0.02536455499056839 1.2517893314361572 0.10010578130207831
33 66 0.06439096916619969 1.2537891864776611 0.13887059569593724
36 72 0.06334295697848394 1.2558088302612305 0.12455253529167387
39 78 0.03143919084114516 1.2578554153442383 0.14913608275125814
42 84 0.0236288053101871 1.25962495803833 0.07050324068975843
45 90 0.014822861240540192 1.2614281177520752 0.020637870047813853
48 96 0.008109711876711972 1.2632322311401367 0.041792235609018895
51 102 0.021059863238440002 1.265272617340088 0.041974053632546304
54 108 0.02263882917661303 1.2670035362243652 0.049823183998534304
57 114 0.013868334481042174 1.268944501876831 0.04831605076768409
60 120 0.008126991414943649 1.2709252834320068 0.03387320957900978
63 126 0.004760809655254383 1.2728385925292969 0.007626033440200575
66 132 0.003595825725681845 1.2746219635009766 0.013672069146328736
69 138 0.006103432518967666 1.2763605117797852 0.010915803853495831
72 144 0.007748816934043154 1.278085470199585 0.018132018650322268
75 150 0.005778425958798072 1.2798535823822021 0.014908132264247156
78 156 0.002691439486136149 1.2815806865692139 0.013815179357548665
81 162 0.001834894118554295 1.283513069152832 0.0026884477357120296
84 168 0.0014296039709470604 1.285299301147461 0.0040989998755711285
87 174 0.00155082153523102 1.287024974822998 0.004244142164139808
90 180 0.002766063916805825 1.288820505142212 0.0062197301358955515
93 186 0.0022846487783689667 1.2906014919281006 0.004310151561667041
96 192 0.0008517393780863025 1.2923309803009033 0.005238570898866551
99 198 0.0007481853707838604 1.294062614440918 0.0016309667601956017
102 204 0.0005338142235916804 1.2959697246551514 0.0011265230910451622
105 210 0.0003046896955853917 1.2982091903686523 0.0015779030763823918
108 216 0.0009382892902264073 1.3001601696014404 0.002015620663512796
111 222 0.0008576282572545779 1.3019859790802002 0.0016623636451706392
114 228 0.0002875061590236344 1.3040783405303955 0.001882665653779036
117 234 0.0002869060259223649 1.3058421611785889 0.0008911180470863188
120 240 0.00018930699933260298 1.307593584060669 0.0002675548886573926
123 246 9.801951255636321e-05 1.3093230724334717 0.0005543040358823415
126 252 0.0003009668785275005 1.3111004829406738 0.0006111621004450396
129 258 0.00030620161793695755 1.3130910396575928 0.0006484510153602074
132 264 0.00015156828183258975 1.314976453781128 0.000643223909135141
135 270 0.00010439692132961642 1.3172411918640137 0.00041024327047522606
138 276 6.384344640066042e-05 1.3191297054290771 9.880741723594655e-05
141 282 4.3769245830938e-05 1.3211169242858887 0.00018471558435799126
144 288 9.002888508566342e-05 1.3228819370269775 0.00016892774554072565
147 294 0.00010363355415528297 1.3246181011199951 0.00023873824682946188
150 300 6.830180969198685e-05 1.326371192932129 0.00020778474996414545
153 306 3.608851756109477e-05 1.3281071186065674 0.0001709196983760971
156 312 2.155757464311625e-05 1.3299744129180908 3.563554635177546e-05
159 318 1.7929394525259545e-05 1.3318512439727783 5.825550014980379e-05
162 324 2.4595463733595446e-05 1.333582878112793 5.414828341189755e-05
165 330 3.6453850475320904e-05 1.335350751876831 8.382332434131445e-05
168 336 2.822140098589221e-05 1.337083339691162 6.31767045268932e-05
171 342 1.187914857661565e-05 1.339024543762207 6.671326002712984e-05
174 348 9.164698701907836e-06 1.340787410736084 1.4784009192930584e-05
177 354 6.947225173165039e-06 1.3425188064575195 1.708440756190843e-05
180 360 5.660343239136112e-06 1.3442966938018799 2.065990492585968e-05
183 366 1.2725128012300302e-05 1.346057653427124 2.7986630726561934e-05
186 372 1.0962225398633563e-05 1.34816312789917 2.0243720636303753e-05
189 378 3.6788193949338632e-06 1.3501067161560059 2.47210310345881e-05
192 384 3.65128457625874e-06 1.3520536422729492 9.611779801589466e-06
195 390 2.5544540603328336e-06 1.3539535999298096 4.496030656588629e-06
198 396 1.1363568308830896e-06 1.3557136058807373 7.474984662051516e-06
201 402 4.206083519794901e-06 1.3574893474578857 8.769844688616413e-06
204 408 4.028959706178781e-06 1.3592491149902344 8.207084150280153e-06
207 414 1.647507855404018e-06 1.361004114151001 8.691683318489272e-06
210 420 1.372895415338582e-06 1.362750768661499 4.8096023980157515e-06
213 426 8.946136438592323e-07 1.3646366596221924 1.2982476343958993e-06
216 432 5.466094123718346e-07 1.3667514324188232 2.577012327637296e-06
219 438 1.286095349273264e-06 1.3688685894012451 2.490763267137819e-06
222 444 1.3732851511655264e-06 1.3710970878601074 3.0536501037792263e-06
225 450 7.65744471956098e-07 1.372910737991333 2.8457913867214487e-06
228 456 4.839275696000289e-07 1.3746590614318848 2.054612920070353e-06
231 462 3.083832662426067e-07 1.3764393329620361 4.919987299234485e-07
234 468 2.352954421025455e-07 1.3781895637512207 8.666630842438425e-07
237 474 3.784553606472896e-07 1.3799293041229248 7.057153201091398e-07
240 480 4.765634389614082e-07 1.3819243907928467 1.1128910314961438e-06
243 486 3.30148212837611e-07 1.384279489517212 9.12229694911385e-07
246 492 1.672463081914266e-07 1.386427402496338 8.342006004247778e-07
249 498 1.1723329210178157e-07 1.3885407447814941 1.7994152468059355e-07
252 504 9.757065699833589e-08 1.390479326248169 2.81137466739008e-07
255 510 1.0070367353898213e-07 1.3923144340515137 2.8668473322436133e-07
258 516 1.7534462361246117e-07 1.3942153453826904 3.917901023609005e-07
261 522 1.345131313001957e-07 1.3959527015686035 2.7623924721822365e-07
264 528 5.606075693942447e-08 1.3976986408233643 3.242988217345821e-07
267 534 4.9452931791260646e-08 1.3997366428375244 8.096984459524562e-08
270 540 3.873584218661019e-08 1.4020984172821045 8.799663529883284e-08
273 546 2.2742127139818713e-08 1.4041051864624023 1.1194287682490441e-07
276 552 6.221674388184883e-08 1.4062390327453613 1.3266020298940973e-07
279 558 5.2125140051484387e-08 1.4079844951629639 9.859552757562895e-08
282 564 1.840484951942667e-08 1.4097206592559814 1.2073919703507358e-07
285 570 1.991643379384289e-08 1.411485195159912 4.633061143489943e-08
288 576 1.5000849104551683e-08 1.413222312927246 2.674398646826807e-08
291 582 7.1801846829311344e-09 1.4149911403656006 4.260401856939351e-08
294 588 2.267686428913951e-08 1.4167630672454834 4.6284930887985354e-08
297 594 2.135708598860475e-08 1.4185006618499756 4.4165368862092436e-08
300 600 8.14211806310361e-09 1.4205904006958008 4.681384871051561e-08
