0 0 0.9166666666666666 0.0004582405090332031 1.5
6 6 0.22807123000095822 0.0026552677154541016 0.37789305866074807
12 12 0.07939652868138838 0.005121707916259766 0.2742114849377788
18 18 0.059841031527344934 0.007744789123535156 0.06714563531120349
24 24 0.0695039270515696 0.010598421096801758 0.11749018836903581
30 30 0.03212004927950993 0.013091802597045898 0.08574768097751954
36 36 0.04367443485378786 0.015082359313964844 0.10674270262074832
42 42 0.05481492565531004 0.017103195190429688 0.08255327028516374
48 48 0.024801054471021933 0.01917290687561035 0.02999999999999998
54 54 0.03557018441476434 0.021345138549804688 0.04910948066783738
60 60 0.022276986422656297 0.023772239685058594 0.03000000000000015
66 66 0.02380743738231131 0.026041507720947266 0.03000000000000016
72 72 0.013812732498802716 0.028337717056274414 0.029999999999999888
78 78 0.014939104459141539 0.030854463577270508 0.030000000000000023
84 84 0.011985866518387511 0.03286480903625488 0.03000000000000014
90 90 0.011690670660038566 0.03517770767211914 0.030000000000000072
96 96 0.010355920275740726 0.03717374801635742 0.02999999999999998
102 102 0.010476611620764242 0.03927493095397949 0.030000000000000183
108 108 0.008885743263141455 0.041307926177978516 0.030000000000000058
114 114 0.008872562694833913 0.04383444786071777 0.030000000000000183
120 120 0.008512917112049323 0.04637575149536133 0.030000000000000106
126 126 0.007915390587275917 0.04872941970825195 0.03000000000000013
132 132 0.008113503760204144 0.050760507583618164 0.03000000000000007
138 138 0.007481248959459008 0.05287599563598633 0.030000000000000027
144 144 0.007907687354558268 0.05491828918457031 0.02999999999999993
150 150 0.006949600099167869 0.05724596977233887 0.03000000000000006
156 156 0.0077979960895960265 0.059580326080322266 0.030000000000000072
162 162 0.006730516913771328 0.06184864044189453 0.030000000000000093
168 168 0.007744750442219506 0.06438136100769043 0.03000000000000011
174 174 0.00643156554773916 0.06647014617919922 0.02999999999999999
180 180 0.007545716871470043 0.06873083114624023 0.029999999999999975
186 186 0.006389422134583489 0.07087326049804688 0.030000000000000075
192 192 0.0074909023108927775 0.07310962677001953 0.02999999999999994
198 198 0.006467096200643757 0.07529139518737793 0.03000000000000003
204 204 0.007363998160441587 0.0780496597290039 0.03000000000000004
210 210 0.006550620431808041 0.08075237274169922 0.03000000000000008
216 216 0.0072646089505009614 0.0834805965423584 0.02999999999999993
222 222 0.006598122378435628 0.08557343482971191 0.02999999999999994
228 228 0.007186909125811908 0.08759927749633789 0.030000000000000037
234 234 0.0066367945888617386 0.08966732025146484 0.030000000000000093
240 240 0.007082137618976081 0.09215188026428223 0.030000000000000023
246 246 0.006669105449503221 0.0941922664642334 0.029999999999999912
252 252 0.0070352586666818095 0.09667682647705078 0.03000000000000001
258 258 0.006683960259549704 0.09876394271850586 0.030000000000000134
264 264 0.00696224046512664 0.10101866722106934 0.03000000000000021
270 270 0.006702162831122682 0.10335755348205566 0.03
276 276 0.006915241233696634 0.10549306869506836 0.030000000000000183
282 282 0.0067072411106021135 0.10770654678344727 0.030000000000000093
288 288 0.0068720073793878955 0.11005902290344238 0.029999999999999954
294 294 0.006712630502086536 0.11235833168029785 0.030000000000000072
300 300 0.006828326446507382 0.11459183692932129 0.030000000000000016
306 306 0.006715346171061565 0.11662888526916504 0.030000000000000106
312 312 0.006805568653503291 0.11867690086364746 0.03000000000000002
318 318 0.006714389718285807 0.12075114250183105 0.029999999999999957
324 324 0.006775708633738359 0.12280678749084473 0.030000000000000082
330 330 0.00671483076438667 0.12549185752868652 0.030000000000000016
336 336 0.006758392017514436 0.12781739234924316 0.030000000000000058
342 342 0.006712115891577164 0.13026642799377441 0.03000000000000007
348 348 0.006740977141811155 0.13231444358825684 0.030000000000000086
354 354 0.0067105598396483 0.13430404663085938 0.030000000000000027
360 360 0.006726762541798492 0.13652420043945312 0.03000000000000006
366 366 0.006708085398341362 0.13852691650390625 0.02999999999999998
372 372 0.0067183654262314985 0.14055228233337402 0.03000000000000004
378 378 0.006705600995739303 0.14261102676391602 0.03000000000000012
384 384 0.0067088298133665125 0.14478731155395508 0.030000000000000155
390 390 0.0067035610160189885 0.14706707000732422 0.030000000000000006
396 396 0.00670388901779323 0.14924311637878418 0.03000000000000014
402 402 0.006701194973161573 0.15124893188476562 0.03000000000000013
408 408 0.006698418524047012 0.15325117111206055 0.030000000000000165
414 414 0.006699527483114642 0.15523529052734375 0.03000000000000003
420 420 0.006695017610440057 0.1577448844909668 0.030000000000000013
426 426 0.006697623239047851 0.16008830070495605 0.030000000000000124
432 432 0.00669261984658831 0.16258907318115234 0.030000000000000002
438 438 0.00669617814588086 0.16513824462890625 0.03000000000000018
444 444 0.006690410534901825 0.16732525825500488 0.03000000000000006
450 450 0.006694835980921299 0.16951870918273926 0.029999999999999933
456 456 0.006689500009672222 0.1714942455291748 0.030000000000000023
462 462 0.006693690038281824 0.17344093322753906 0.03000000000000008
468 468 0.006688267946632326 0.17539310455322266 0.029999999999999995
474 474 0.0066928369172675195 0.1773524284362793 0.029999999999999978
480 480 0.006687933202008389 0.18006491661071777 0.03000000000000003
486 486 0.006691951532792284 0.18281292915344238 0.029999999999999964
492 492 0.006687490419691217 0.18514466285705566 0.030000000000000155
498 498 0.006691356729285058 0.18717622756958008 0.030000000000000165
504 504 0.006687311198995682 0.18917202949523926 0.03000000000000007
510 510 0.0066907703723215195 0.19142580032348633 0.030000000000000054
516 516 0.006687365915437338 0.19350481033325195 0.030000000000000047
522 522 0.006690488977646458 0.19550275802612305 0.030000000000000106
528 528 0.006687587737974399 0.19785475730895996 0.030000000000000065
534 534 0.006690399096091287 0.20032525062561035 0.030000000000000162
540 540 0.0066879396697881455 0.20291972160339355 0.03000000000000001
546 546 0.006690252585991319 0.20514583587646484 0.030000000000000058
552 552 0.006688172538506509 0.20721960067749023 0.030000000000000193
558 558 0.006690185929005943 0.2093372344970703 0.030000000000000106
564 564 0.006688356083005331 0.21138739585876465 0.03000000000000008
570 570 0.0066899604744244945 0.21361613273620605 0.03000000000000013
576 576 0.00668852772903733 0.21588397026062012 0.030000000000000183
582 582 0.00668988976874485 0.2183818817138672 0.03000000000000015
588 588 0.006688625089101757 0.22095894813537598 0.03000000000000008
594 594 0.006689726990684625 0.22353315353393555 0.029999999999999975
600 600 0.006688729982111341 0.22584986686706543 0.030000000000000027
