0 0 0.9166666666666666 0.8961639404296875 1.5
3 6 0.34415960526271033 0.8986399173736572 0.34966099285464325
6 12 0.2992778565800057 0.9011139869689941 0.3120510687737777
9 18 0.2692249880969806 0.9037847518920898 0.2765942708466743
12 24 0.24208991965737825 0.9065172672271729 0.24448832876959198
15 30 0.2157611420085946 0.9095563888549805 0.21626527204703488
18 36 0.19036190343732878 0.912254810333252 0.1913884381441512
21 42 0.16641733601216374 0.914848804473877 0.16932362825053368
24 48 0.1443888826093436 0.9175987243652344 0.1497231202435984
27 54 0.12459483189567677 0.92022705078125 0.13236223084498963
30 60 0.1072080002834001 0.9235138893127441 0.11704832413019477
33 66 0.09531165151800214 0.9265358448028564 0.1035637588940385
36 72 0.08453421805215791 0.9292247295379639 0.09166464338117392
39 78 0.07473553603592803 0.9318201541900635 0.08111561919539648
42 84 0.06599853605373782 0.9344518184661865 0.07172095121930021
45 90 0.05825791089989141 0.9375953674316406 0.0633312032833901
48 96 0.05139029534442138 0.9403853416442871 0.05583240871192365
51 102 0.045280857203781805 0.943000316619873 0.0491372294548052
54 108 0.03984296532041964 0.9455642700195312 0.04317095529382063
57 114 0.03501103772756842 0.9481515884399414 0.03786844517532808
60 120 0.030727290720321987 0.9513661861419678 0.03316960894683447
63 126 0.02693418391486621 0.9538981914520264 0.029017708541256355
66 132 0.023575618181294222 0.95654296875 0.025358816468846652
69 138 0.020601647788561023 0.9591898918151855 0.022221332484781045
72 144 0.017971024210011982 0.961836576461792 0.01980313404356249
75 150 0.015649888271847573 0.9644029140472412 0.017636413978681362
78 156 0.013703725836109737 0.9670093059539795 0.016110147394362666
81 162 0.01259171077534102 0.9708104133605957 0.015760281734729337
84 168 0.01197960273071616 0.9736623764038086 0.015693205469803684
87 174 0.011637456581696043 0.9764413833618164 0.015305777583661192
90 180 0.011327526677369443 0.9789862632751465 0.015367348898161395
93 186 0.010723251327334454 0.9815020561218262 0.014874952787762494
96 192 0.010180037289104799 0.9839813709259033 0.014558010599933774
99 198 0.00971705781260812 0.9867198467254639 0.014352929434290613
102 204 0.009466284350005572 0.9892098903656006 0.01403639356869726
105 210 0.009237150004127698 0.9917211532592773 0.01382039231751642
108 216 0.009041930745818216 0.9942655563354492 0.013507864386073746
111 222 0.008743111180421953 0.996793270111084 0.013283793780916788
114 228 0.008490171119235501 0.9993202686309814 0.01296539202221764
117 234 0.008220871774817506 1.0021018981933594 0.012732096071471818
120 240 0.00811306991491001 1.0049219131469727 0.012720776383214885
123 246 0.00788782554513806 1.007624626159668 0.012219690493760411
126 252 0.007780197492816554 1.0101375579833984 0.012180581510123
129 258 0.007566899253358184 1.0126636028289795 0.011758583955479974
132 264 0.0074047445897574005 1.0151617527008057 0.011658146024788608
135 270 0.007256616218012907 1.0179815292358398 0.011374895214176206
138 276 0.007078172808249655 1.020512342453003 0.01115795163433947
141 282 0.007001036519427739 1.023024320602417 0.011139054351386853
144 288 0.006844232748760615 1.0255169868469238 0.010751167397854566
147 294 0.006730787341977101 1.02803635597229 0.010656112732823436
150 300 0.006653002028475352 1.0305535793304443 0.0106477708541945
153 306 0.006509418024648356 1.0330917835235596 0.010276552434139425
156 312 0.006410563744892905 1.0358288288116455 0.010183902940608638
159 318 0.00633817497930575 1.0385103225708008 0.010174874495720994
162 324 0.006201527798816192 1.0415129661560059 0.009819623191259303
165 330 0.00610753389136709 1.0441761016845703 0.009729976754686316
168 336 0.006039440248922945 1.0471115112304688 0.009720730732322706
171 342 0.005911082306730403 1.0499911308288574 0.009381187307095551
174 348 0.005823007297673016 1.0525403022766113 0.009294966325307531
177 354 0.005758546248149782 1.0553150177001953 0.009285934991273007
180 360 0.005688181659813579 1.0578856468200684 0.009065531704330597
183 366 0.005584317440123998 1.0604279041290283 0.008889631909763388
186 372 0.0055135250655391765 1.0629558563232422 0.008871805994227884
189 378 0.005465406312370524 1.0655691623687744 0.008868656394033112
192 384 0.005381599368963874 1.0684959888458252 0.008559665651835656
195 390 0.0053069431228183195 1.07100248336792 0.0084807731051136
198 396 0.005236015921309067 1.0735220909118652 0.008472214281035402
201 402 0.005206211020322038 1.0759966373443604 0.008469696125670601
204 408 0.005100402995952491 1.0785138607025146 0.008129969007305038
207 414 0.005037304450265845 1.080998420715332 0.00809452855800808
210 420 0.0049782429121214555 1.0838842391967773 0.00808992944021239
213 426 0.004970711514245496 1.0866200923919678 0.008088173642472003
216 432 0.004875136971833088 1.0894196033477783 0.0077642790659487974
219 438 0.004806761962973777 1.091989517211914 0.007730385275566613
222 444 0.0047422191322229745 1.0945801734924316 0.007725646150122519
225 450 0.00473406773085161 1.0979101657867432 0.007723566191477382
228 456 0.004647920047100462 1.1012704372406006 0.007414040269706069
231 462 0.004587384886746981 1.104081392288208 0.007381589603104885
234 468 0.004526382990581612 1.106717824935913 0.007377250336372862
237 474 0.004516323423913837 1.1093111038208008 0.007375394006157696
240 480 0.0045064512686358305 1.1118881702423096 0.007202003204460844
243 486 0.004424580754606666 1.11500883102417 0.007061769158439347
246 492 0.004346598649157013 1.1181697845458984 0.007046658113251079
249 498 0.00429445189265526 1.1211965084075928 0.007043105983852011
252 504 0.004308676811110079 1.1237950325012207 0.007041339909084994
255 510 0.004271341234098336 1.1264216899871826 0.006797234393785149
258 516 0.00420328588861954 1.1289842128753662 0.006734120573274103
261 522 0.004125854227800874 1.1315512657165527 0.00672669081510608
264 528 0.004092694021799542 1.1345598697662354 0.006723938627997003
267 534 0.004119479224590439 1.1373701095581055 0.006722746751912727
270 540 0.004082085195334706 1.1399290561676025 0.00649007398318976
273 546 0.004008927116386396 1.1425373554229736 0.00642960248810614
276 552 0.003929788591968714 1.1450903415679932 0.006422187206050181
279 558 0.0038996792629765464 1.1477034091949463 0.006419374407572856
282 564 0.003930225156780015 1.150411605834961 0.006418257116666274
285 570 0.003933276960657539 1.153108835220337 0.006268491708904736
288 576 0.0038492490782259248 1.155693531036377 0.00614633312710322
291 582 0.0037643438013967023 1.1582858562469482 0.006132592424106585
294 588 0.003714681982604384 1.160879135131836 0.006129006669244828
297 594 0.0037358957763135303 1.1644902229309082 0.006127325802834889
300 600 0.0037792411919328195 1.1671056747436523 0.006127637864124333
