0 0 0.9166666666666666 0.0008642673492431641 1.5
3 6 0.213625614959511 0.002639293670654297 0.9603797468354428
6 12 0.1124575920922051 0.004327535629272461 0.2525510422474144
9 18 0.11918612959817126 0.006028652191162109 0.2563865520112074
12 24 0.059585779139084305 0.009803533554077148 0.09395985299717509
15 30 0.05893051912833211 0.01420140266418457 0.09156283853325783
18 36 0.038899246640363844 0.017704486846923828 0.05552408813010912
21 42 0.037642602501321856 0.019865751266479492 0.05579480503835378
24 48 0.035646574280011736 0.021805524826049805 0.05430977678938661
27 54 0.029216955612698936 0.023508310317993164 0.05018099427804069
30 60 0.025836405250120126 0.025252342224121094 0.031326488679893
33 66 0.019895119557250235 0.027009248733520508 0.03755938284300852
36 72 0.022938118584629824 0.0287325382232666 0.04261623816777105
39 78 0.02166460192738906 0.03046560287475586 0.03875307120066486
42 84 0.016827654702994715 0.03234529495239258 0.030101045438929313
45 90 0.02189722531320143 0.03412318229675293 0.030095643895677055
48 96 0.017414974426283536 0.036665916442871094 0.03008499994817521
51 102 0.019810677044296093 0.03902077674865723 0.030075267180490722
54 108 0.01761843231136609 0.04080367088317871 0.030066082035489543
57 114 0.01734729027648435 0.042554616928100586 0.030057350074029914
60 120 0.013323652147075343 0.04431748390197754 0.030056870738431395
63 126 0.01514983488921648 0.04635453224182129 0.030055690159754473
66 132 0.01376422784567391 0.0487513542175293 0.030048591373581367
69 138 0.013443958180303361 0.05097818374633789 0.030040910044684264
72 144 0.014080654724082625 0.0547640323638916 0.030039466814258623
75 150 0.011484230970473436 0.056974172592163086 0.03003910335514356
78 156 0.013404214860978286 0.059159040451049805 0.03003767187669099
81 162 0.01240963745816856 0.061441898345947266 0.030034726022802945
84 168 0.012304279061843504 0.06388068199157715 0.030031288170967778
87 174 0.011831513190513399 0.06614875793457031 0.030030043293988767
90 180 0.010810927683484683 0.06781673431396484 0.03002974779432212
93 186 0.010913550133559463 0.07020282745361328 0.030029438618529716
96 192 0.011624826217836254 0.07361578941345215 0.030027811790236076
99 198 0.010756222605740301 0.07638359069824219 0.030023547789669206
102 204 0.009292532666743292 0.07846879959106445 0.030021528111030597
105 210 0.009707836491404165 0.0809028148651123 0.03002132154289622
108 216 0.008912561883590797 0.08354592323303223 0.030021059409379384
111 222 0.01068552394457406 0.08645892143249512 0.030019811349614033
114 228 0.009529350089117261 0.08847308158874512 0.03001777077811896
117 234 0.009697740581295133 0.09302020072937012 0.03001634600604275
120 240 0.008984217085860613 0.10085535049438477 0.030016109674244503
123 246 0.00821728824069931 0.10737037658691406 0.030015950988600364
126 252 0.009204674419065917 0.11187148094177246 0.030015787795296654
129 258 0.00955322997868624 0.1146843433380127 0.03001528613471269
132 264 0.009055542136356065 0.11758542060852051 0.030013577790113644
135 270 0.008249871035219625 0.12038445472717285 0.030012694824414755
138 276 0.008442693177545535 0.12262916564941406 0.03001257077462562
141 282 0.007852790779554364 0.1248781681060791 0.030012443833328992
144 288 0.008606637513989907 0.12698006629943848 0.0300121051033049
147 294 0.00828056575927899 0.12872314453125 0.030011126233032794
150 300 0.008596335395317817 0.13052606582641602 0.03001036590783051
153 306 0.007677496282684271 0.13248610496520996 0.030010245491043856
156 312 0.007388100329048103 0.13560795783996582 0.030010142271245033
159 318 0.00770798675182513 0.13764619827270508 0.030010037223093308
162 324 0.008218079542532064 0.13932323455810547 0.03000992700715586
165 330 0.007909856019316569 0.14087820053100586 0.030009376154068013
168 336 0.007911340100043324 0.14261841773986816 0.030008655980877146
171 342 0.007429674166292616 0.14455747604370117 0.030008567429699227
174 348 0.007418629623856476 0.1462564468383789 0.030008477672527192
177 354 0.007149813767544505 0.14871835708618164 0.030008386752376617
180 360 0.007694593617360912 0.1504971981048584 0.03000810584360053
183 366 0.007605825193372412 0.1558060646057129 0.03000762226350244
186 372 0.007670091178103355 0.1621840000152588 0.030007474287895713
189 378 0.007125913606368189 0.16430282592773438 0.030007393713313964
192 384 0.0071414095590138504 0.1662447452545166 0.030007312362010572
195 390 0.007129281644165458 0.17096376419067383 0.030007230303250667
198 396 0.007495344945735616 0.17615365982055664 0.030007130500400478
201 402 0.007358114759829587 0.18041396141052246 0.030006810685798736
204 408 0.007342295514397357 0.1841580867767334 0.030006610707533465
207 414 0.007053414294276389 0.18700599670410156 0.030006535148779576
210 420 0.007044723090845834 0.18906188011169434 0.030006459166722867
213 426 0.006874215913454829 0.191298246383667 0.030006382820313513
216 432 0.007188706514721838 0.19495010375976562 0.030006267274425305
219 438 0.007134817134159505 0.19826817512512207 0.030006080814744866
222 444 0.00724004068232742 0.2012021541595459 0.030006007331368625
225 450 0.007082204036293088 0.20399212837219238 0.030005933675048776
228 456 0.006966990975039111 0.20595002174377441 0.03000585989771186
231 462 0.006766531146546295 0.20960688591003418 0.030005786050255997
234 468 0.00703521118222758 0.21158480644226074 0.030005712182451703
237 474 0.007075538682484367 0.21343183517456055 0.03000562736393254
240 480 0.007118692973792973 0.21538496017456055 0.03000555388492088
243 486 0.007065461065037887 0.21718502044677734 0.030005480523074606
246 492 0.006950800789200823 0.21894288063049316 0.03000540732271494
249 498 0.006924058440047981 0.22129511833190918 0.03000533432669542
252 504 0.006885647102139375 0.22333216667175293 0.030005261576352995
255 510 0.007027822172020859 0.22497797012329102 0.030005173184760113
258 516 0.007011489776036273 0.22710013389587402 0.030005097293879374
261 522 0.0070771572809144034 0.22889208793640137 0.03000502606001202
264 528 0.006943570733628335 0.2307140827178955 0.030004955210686683
267 534 0.006943633563616214 0.234724760055542 0.03000488477908712
270 540 0.006792613473945636 0.23677682876586914 0.030004814796772264
273 546 0.006984337950276309 0.2386617660522461 0.03000474529367602
276 552 0.006991585942356743 0.2402207851409912 0.030004676298112678
279 558 0.007022258612643467 0.24181652069091797 0.03000460783678498
282 564 0.0069508672168754615 0.24348044395446777 0.030004539934799145
285 570 0.00694132990144164 0.24516654014587402 0.030004472615683717
288 576 0.006876380781943747 0.24673151969909668 0.03000440590141404
291 582 0.006888850998134161 0.2482764720916748 0.030004339812434125
294 588 0.0069766128604415445 0.24982619285583496 0.030004259191967985
297 594 0.006941149025807003 0.2514681816101074 0.03000419268288326
300 600 0.006975036883937524 0.2530043125152588 0.03000412908747776
